9091
2241
2373
1007
1474
9360
6519
4881
3305
6557
6096
8683
1705
7284
9619
7462
6868
1817
8306
3739
9316
6995
6481
3718
7396
4305
9742
3198
2492
4236
3296
6368
6195
2647
8276
1285
5967
8564
5282
3503
5713
2911
2174
5680
8457
6330
4696
2965
6728
7520
6215
2598
785
7519
7823
4549
2437
1235
6025
3952
7395
1506
528
5602
5180
3404
2739
7360
672
1118
959
6141
2845
1928
481
3830
1158
9840
5699
2768
6438
3125
1258
9489
6831
4267
4722
4055
7326
2383
371
2676
8701
6771
7607
9463
6463
6898
4362
7610
108
5403
5595
1982
267
432
640
6981
2122
7741
9994
6554
3603
111
9658
6961
1113
2458
7782
5435
129
8274
9130
791
8757
6569
9166
300
3870
3519
3829
6785
8504
9964
4832
9269
2494
5842
6821
4118
2718
1940
13
1139
2638
4947
1495
180
2761
4688
8415
7144
69
2038
6763
6110
5532
8824
712
8140
6456
3220
4089
349
5187
6367
8810
1716
8333
8326
239
6183
8712
1046
6204
4974
3313
71
8620
1252
7001
735
1206
7313
3682
1854
1903
2842
225
6510
2284
844
4019
1948
6606
5707
6317
9643
5888
1643
7078
3504
1364
524
985
8458
8808
4859
2020
8087
5873
8920
8902
2086
3336
9555
1382
9436
5807
8295
9416
2570
7033
5701
1749
8595
5574
199
4752
9458
4672
6585
9556
852
1047
9861
1145
2514
9161
9589
5213
2269
9659
2416
6629
7502
6459
7944
6973
3082
1163
3344
1404
4447
8904
7278
5805
9256
5275
8650
526
5981
2785
483
2363
7985
3481
1322
1621
9342
8176
9663
9993
375
6314
136
3562
693
7053
8719
4005
3106
9261
6923
9878
2987
8288
3579
2512
9928
8379
5557
9984
4014
7338
3817
2472
8954
8689
1110
8696
9795
1238
4137
8886
2184
9839
576
7043
8710
2557
5625
3943
7962
45
7930
756
779
2972
6616
8222
102
9548
1376
8839
172
4807
7593
4831
4961
9291
8420
9279
2319
4632
4936
6772
8645
2655
7037
8898
7825
5757
5446
4172
4681
8950
8368
5591
555
6235
5975
5253
2709
421
9126
4242
7359
5939
7252
9053
695
5928
3744
4468
5721
499
9860
8833
5779
8332
6162
378
1306
4903
8313
9996
9599
4784
972
8109
7525
9915
5865
9959
2931
2031
2856
7600
5882
8585
9685
7909
2833
2187
1378
515
4994
9340
4586
3182
2190
9390
3933
6076
4634
1574
8254
5110
1500
4244
2968
5531
5119
9931
7618
6842
9582
166
4893
7850
6180
1715
9405
2900
9703
9019
5393
3034
3199
3244
7738
3475
6425
7826
3847
934
1673
9821
2802
23
8208
1392
8056
6594
7873
4883
1398
561
4810
3530
529
6355
2180
2406
5068
4498
7897
6476
1612
8637
4539
16
1136
4474
4462
7945
1508
8978
6613
4798
8799
6172
6364
7832
1013
2069
6834
1346
8813
6823
9738
3532
3332
7661
8348
6712
9948
859
1187
9724
7275
3570
4774
8925
7021
7366
843
1453
7925
4454
4868
218
9442
9158
7993
1583
4062
227
3617
5198
6824
4009
700
5415
5685
4728
1395
5286
2178
7035
7614
5607
21
211
384
7729
1532
7558
1312
892
1205
910
1434
1308
6170
6232
2476
5923
2422
841
332
4943
3915
1255
6194
9201
137
7792
913
698
4933
3714
579
8297
1510
3340
6505
4218
1125
7814
5826
9387
9584
533
8002
7804
409
6722
9431
5421
8510
8102
8445
3154
4079
4461
8671
1774
568
7740
8555
445
497
6617
4744
2181
437
3415
6336
1640
252
9529
3543
7292
6534
6551
8435
6538
244
3809
7756
8959
1324
6792
4495
4581
6318
9798
5522
8681
9767
7619
4960
5786
7383
9936
2697
7029
125
2123
8229
9096
2867
6249
562
886
6427
7724
6491
1079
1616
9382
6521
869
8461
5958
6301
1112
7259
686
9615
4165
7915
2468
8217
7794
32
6118
6144
3035
5443
826
6976
1215
7693
767
3254
2995
5945
5306
3871
2750
292
3047
6452
6216
59
1222
9714
2467
2473
9708
5162
478
8494
637
2358
5720
4356
5432
6345
2149
7687
2703
594
773
2289
8630
2681
8615
1086
8819
8438
8432
2942
3705
7507
6875
1432
6019
1882
9301
7815
9923
1477
3686
9694
2049
2609
7611
1019
7699
1954
1424
6341
652
3540
5878
7941
3843
1669
3467
7330
6103
5108
35
22
7086
8657
1045
3396
443
5041
9782
8021
8677
5860
531
1012
952
1564
2450
7652
3854
6956
5419
9358
8067
8591
4067
8072
8617
1498
9470
368
3928
5546
7541
4977
2795
5516
5007
488
3707
1667
2872
2996
4845
8991
681
3624
5067
3804
3409
3131
4302
9000
9349
1860
9727
9534
1924
5303
6858
1598
6933
6639
2490
9017
9062
930
950
566
3180
8195
2440
2706
2254
327
2816
3955
2947
5817
9185
9838
4894
7379
1792
3558
9866
5279
7200
5486
2955
7863
3193
7215
9011
49
3544
7686
9686
299
9618
9189
8164
5678
3037
3191
1858
3307
8984
1985
475
297
838
8616
3273
9816
2634
6263
7457
6046
8028
3134
4029
1069
3764
4990
8376
2465
6219
7539
1747
6121
2088
9462
5564
7560
9952
8331
4381
6218
3555
6250
6536
4555
2312
9380
5691
1572
1336
4719
3649
8347
1656
2851
2006
3473
617
2255
1171
456
3956
2751
4908
7671
9678
9483
2024
7257
3750
2787
3713
2611
6646
8638
130
7659
6359
403
3059
8885
9461
5427
3958
6670
8985
5971
2551
9314
6038
86
1826
5308
9465
4012
9954
6849
6504
9283
6755
8110
8264
8875
8211
2627
5917
5367
8025
1590
7984
7561
3017
4171
5412
6221
3228
3631
5358
8235
5450
7
645
9241
4781
1697
6350
6721
7277
6050
4486
1605
9359
939
1714
5740
7169
8283
8869
7016
1837
9777
6079
4962
9052
200
5045
4611
5447
4074
1969
6907
9961
977
932
1121
1150
2588
3100
4155
7122
998
9408
3019
4892
2054
8529
7226
4615
7058
4373
6100
2992
6178
5190
5054
8404
5455
4175
8767
9870
5664
4661
3536
154
1666
7658
8931
6501
7165
4537
4981
1221
3433
373
9990
7483
2854
5201
5633
5069
5383
8704
8626
426
4538
4212
4792
801
948
9488
517
5433
8843
4579
65
3422
8130
2757
4285
3717
1338
3563
177
9623
9527
2636
6854
5091
3850
1973
3028
8765
1807
3539
3640
9572
9683
3093
5256
9108
3040
1980
1888
4459
3337
3758
3761
7704
4429
4545
9784
4714
8790
1470
8844
90
467
7587
8049
1999
5056
6365
881
9740
5085
4216
301
4049
7856
7493
5461
9484
9051
8631
5189
3605
8290
8471
3737
3889
7268
3349
2926
2535
5934
829
9699
4598
322
6500
4364
1864
7869
5488
1625
2279
2137
1185
4096
9991
5095
304
4803
1120
6075
1005
7291
271
4664
9227
2700
5610
6896
2562
6384
2380
7987
6668
6236
2901
3877
9249
8441
1228
8281
518
1793
7125
1350
7518
5457
1389
3245
8607
3225
2395
8516
7749
9514
2690
9250
627
1929
4822
3348
6615
7791
5292
8960
4016
6595
2211
1239
9890
6407
2361
3427
8147
7308
3384
3366
5830
5436
8426
7545
3329
3499
654
5659
1253
4575
9089
3364
2210
7272
3973
6385
4145
764
4274
1485
1414
8475
2826
6720
7473
7106
8043
3679
9774
7042
5330
1446
2621
1068
8226
5266
1570
4361
7645
4584
7010
5775
3822
3108
3729
4871
6736
4979
4060
7469
7581
6871
1600
7849
5105
6436
6280
6547
5390
8080
5785
7532
5368
7700
3363
9459
6260
1958
7910
6
5887
3426
7063
5277
5790
4797
8999
6323
9711
2730
4765
6991
8135
1423
6802
6094
9641
5298
1476
5921
924
2724
3073
3226
797
8157
1739
1397
28
649
2671
1680
9500
8691
1038
1314
6238
9303
1061
231
1938
10000
9074
8944
7834
6940
6899
2471
4051
9239
7914
7510
5179
1545
1271
8285
8503
4257
2227
8122
9214
4948
7966
4558
4194
8575
8115
2410
5641
5828
3526
4794
5778
8752
3673
6919
5267
5623
9010
5397
1328
2769
9935
8261
879
8803
4607
9846
4483
4749
5582
7145
8165
5648
2419
9252
5668
543
9924
2004
6486
1374
4206
4475
2368
3715
2151
5794
4071
2696
7911
6312
1431
9606
3051
8619
9131
6337
1224
9482
7030
6090
8647
5601
7889
2527
3698
5096
1421
6700
8172
7949
1872
4668
5640
2243
3608
6958
8225
1202
4897
6502
3043
9622
648
4124
8909
8091
1289
4027
9508
2664
5185
7626
2214
2012
8624
4622
1891
9339
4738
5984
7623
5363
2461
7748
3584
8258
4326
5125
3842
6303
2321
7952
9731
564
6051
4464
6290
946
8621
6272
274
2248
4104
9184
2409
9854
5123
602
7410
2550
7875
6001
6230
6847
5001
889
7151
8952
9260
1855
4350
926
8924
2812
1703
865
4293
1040
4755
9198
8552
2240
4017
4998
7048
2090
5199
6061
7848
965
5514
3357
1844
5901
4337
3787
611
5422
8568
8406
3524
2753
6177
4246
7397
5762
5954
1527
1366
2797
4991
7802
1791
6389
3626
2223
4200
6220
8787
8202
4918
2510
9865
1325
4746
1493
3032
3381
5360
7238
5073
4306
3388
1077
5593
7335
6998
8144
2511
3823
1337
4189
1060
2682
9810
3091
5378
1558
7389
2658
3022
7105
2800
9775
9863
8692
9454
9035
9989
8493
2249
5827
5576
3449
4131
4789
1818
3940
8052
5078
9315
6022
6920
8823
1207
9275
658
4484
6285
7123
77
722
18
7062
5215
8191
8390
2150
1718
8380
8060
4930
3339
3774
1310
2158
609
5061
3215
7150
1712
4519
4070
902
8489
8542
5588
3575
9832
5708
7968
8344
4264
379
2894
4150
8232
784
8240
1862
9999
115
3832
8345
605
3038
7571
6533
5019
8189
3695
4760
6386
2624
7613
498
3747
6652
5774
1797
46
7641
6922
9871
2318
7179
2875
6335
6450
8785
4766
56
708
3587
9196
8082
9268
5426
2707
4920
6251
7646
4855
1514
2166
350
3644
8323
3821
7793
3058
4161
2958
738
8540
1977
5288
2746
5978
9851
1468
1363
4243
1075
2984
9855
5058
3216
8357
8220
2685
3099
9857
2672
7606
8365
4033
4214
3712
3863
1387
8083
4284
6697
943
2096
2656
4389
1266
976
510
7939
8356
3508
5077
4088
2131
6515
3393
2960
6113
6711
3959
8273
5372
1601
8397
1678
3553
9012
286
1859
3986
6449
9237
4522
9180
9129
7855
5132
5896
3405
5717
7653
9212
9188
8499
5819
2378
1986
6413
4022
5870
2912
2245
4656
294
6870
1845
3668
7530
9345
53
4428
2791
3971
6324
7933
3485
8215
620
440
7386
5044
8815
5509
2295
5863
7870
4901
9545
1173
3368
898
6477
1918
321
3119
1267
4031
8069
3275
6997
8243
1426
7997
9435
234
9985
1008
1186
110
9147
5420
5057
567
8845
7017
2186
8611
4371
9367
3455
2095
7537
8973
5589
5953
6161
719
9065
6572
5227
7573
3635
9406
4230
8530
5456
4856
3287
2081
9713
724
8330
8782
5017
2501
9486
2915
9375
8551
5250
3006
4061
2536
6472
9374
5274
3500
5559
1516
4557
233
2485
8228
837
6641
30
894
8430
8221
6058
2265
6139
5065
2129
4670
8796
9824
2789
7651
2165
6677
8940
5837
1085
3398
4105
4919
6915
8318
2017
3408
3784
6390
472
7233
5850
1349
7989
3471
1105
969
3053
7019
4826
5801
1029
6738
3723
1430
4188
5467
6418
6577
9270
2384
1745
7818
2370
4398
4643
6895
8678
6645
4314
5385
2001
6175
2330
904
9167
6045
4783
1610
9543
4001
1177
4099
3658
5130
6931
7198
1015
454
1906
5293
4443
6848
9849
7568
571
3209
241
1615
4734
2272
1525
8398
6604
8554
6338
212
7249
7898
3987
5725
462
2970
6431
4764
2674
2099
5950
8324
5845
3246
6638
8809
1932
419
9729
408
3072
4492
8342
9107
7800
3560
542
8563
9055
8586
2356
2350
857
9148
3657
8075
5302
167
9253
5941
2720
3967
8151
272
3851
6199
8512
8467
2594
5666
2144
7205
6328
6467
3316
7425
6832
4087
5512
7000
3901
7697
7991
1585
3518
4651
8802
6052
8310
9894
5002
4331
9467
7452
1538
8214
4718
7416
8319
3290
7827
118
7730
9384
7201
6396
9583
6299
4966
7101
3480
520
7585
4891
9493
5281
7758
7844
696
1377
5493
4045
9365
9423
5780
6775
580
4849
2347
5985
7635
5243
1220
5300
83
2575
1064
2070
4791
9608
8679
508
429
337
6803
6411
8780
7229
393
5379
3728
878
7894
8546
5722
6605
613
798
6295
8084
3574
6391
2865
6892
2016
3222
4620
6039
8896
8500
615
4820
7100
2389
557
3945
7527
5571
4471
8068
5087
9644
6624
8661
8015
4397
1524
1066
9041
8132
697
5118
9213
2881
7636
1445
9962
2589
4942
1024
1001
6416
6329
3724
4195
1023
5224
6927
61
726
6006
8736
3573
3636
2120
3951
4057
6388
2959
1459
4799
7773
7392
7806
8778
4959
1776
2521
9696
5258
2143
7878
8389
4997
2134
3627
9605
8587
8992
4606
7390
6293
340
1100
8383
5652
4627
3586
3023
4179
4277
9722
9557
4647
4583
4532
2087
8741
8727
9820
8088
5916
2102
5209
982
5756
737
4440
248
3721
9109
9718
3983
7212
2755
5124
5033
4523
9726
917
7388
1536
4458
1123
5881
4424
3333
4677
815
6951
4141
178
9973
5617
5221
7595
2322
8614
7935
6787
8560
8134
7836
8137
3827
9444
8047
8206
9982
5449
9473
2967
9997
1853
7803
7093
6566
6531
9651
3361
5480
2933
775
407
4380
8440
253
8066
979
8697
1151
3202
8155
155
1664
653
3042
6541
6587
9698
5528
5351
5326
6073
4841
9933
8781
7514
1655
914
6008
1695
512
1706
4176
873
6458
7282
530
1115
9987
9828
5620
3507
2
6070
2400
1247
3878
1369
5216
1353
3016
5115
5396
6799
3692
187
7006
6088
9445
2771
156
3413
4367
4228
8987
9607
385
947
4491
6356
6525
2310
2884
3936
6825
9372
5238
5059
3309
8528
7526
5594
6718
3271
1551
4470
7305
2811
8662
7400
6173
9626
7835
4787
2508
8851
3420
5578
5777
895
1994
7199
3020
9453
9617
9480
8754
7276
226
1512
7426
2267
9348
7902
6764
8942
2712
2000
6675
7953
7060
2067
5481
7967
2048
7349
8131
9466
7031
1153
1840
1805
3671
872
6528
3194
6990
4097
3448
6393
8964
1259
8422
314
9590
3395
9337
1478
479
7124
2386
5492
9733
2762
4352
6611
205
3374
1781
8279
1331
8674
575
8773
7534
2173
6843
1568
4553
9194
8604
5925
6695
1648
9258
7572
5908
3691
1613
5490
2651
6994
6343
8804
7682
9570
5949
3069
8913
8468
8022
268
1794
664
1917
603
7708
3092
490
9911
7796
5562
1900
98
1380
4691
5407
5643
4103
4063
828
6878
1326
5883
4338
5263
4066
6066
752
4840
8128
1329
8889
1731
2290
1677
5331
8970
7322
2446
8473
2895
6401
6192
6714
7846
5730
1753
8280
9028
6852
5566
8534
1569
4286
8514
6798
751
5539
8561
1135
6518
2287
8938
2335
6154
1457
5128
1283
7458
7185
7655
8894
1788
8908
8751
4874
641
7143
9235
2065
2404
3084
7996
9428
7588
2694
1268
5151
6747
1604
256
2110
4687
3633
8518
8153
7333
8351
7231
866
7489
956
6543
6942
6769
1
2268
6267
5102
4321
8395
2832
5739
8485
8433
6586
9401
3338
5800
540
281
7726
3421
42
5377
7149
9336
3137
633
484
3794
4802
630
9233
380
6649
5857
6756
424
2596
1129
796
9664
9364
3669
8255
4136
1148
3598
9224
6568
7975
8980
9819
8541
3328
8598
1027
4996
5848
9093
8519
963
3549
5066
3218
2924
7234
6137
6636
2216
1641
2516
6850
9143
5615
2171
9202
2291
1567
4469
2500
3925
9007
3027
9581
1658
4290
3751
1611
1425
8836
6625
9852
6042
5106
9479
5261
7260
4699
8511
6023
7769
9877
8505
7868
1249
126
3542
5116
4955
1998
3979
3280
8053
1972
9560
4451
398
8188
6412
551
6155
464
2009
1624
2478
6765
2078
3566
1626
3197
283
7293
5876
5307
9621
5013
7654
7088
3948
3380
6807
1101
3592
1037
6631
460
1517
7879
7895
5586
8971
8350
4674
9588
2597
3164
3294
957
5402
6499
8835
4168
9334
6517
251
6163
5753
4008
3407
5502
4021
2177
7506
6908
8709
6424
3552
7644
9119
9415
347
2344
4317
3148
1025
7943
9083
5879
2355
4932
6733
5638
4740
5742
631
4953
1541
7138
8156
7034
207
5803
8579
399
9244
4708
8168
1552
2505
8142
2792
5223
1297
2220
9882
1384
8515
680
5494
4927
2619
3170
5121
97
2300
2499
951
9265
6136
2961
2581
9251
5080
6988
1021
1937
1441
2412
9106
6523
7441
8101
535
3004
4937
9567
3302
7927
4414
2848
6265
4591
8381
4117
4178
7450
7351
3390
1462
9024
596
8508
3800
9919
4297
8566
8928
7477
6800
6946
6926
4162
204
1652
9719
4258
6041
8705
6739
386
3895
8660
4757
6031
8635
2659
8916
759
772
7166
3176
3732
9988
146
7500
4548
3488
3320
6014
7261
2878
6776
8481
8253
5301
5662
1619
7445
8114
7339
9171
9913
2711
4490
5797
4546
8421
4605
3978
905
3709
9243
3996
4550
8182
2978
1759
285
6206
5088
8655
5030
6455
4750
8939
1988
1789
51
7482
482
6932
5768
6801
2932
3874
7258
769
7637
8304
6546
6176
2487
8578
4376
5829
3145
5111
2839
6782
5851
3839
2756
6885
2920
3883
7133
1216
1199
2013
6673
3638
6542
4143
7008
7809
8606
634
9869
1580
3551
5585
507
3030
1052
5618
6496
4524
9858
2334
7812
3192
6753
3849
9730
2834
6881
1016
4015
1090
9908
3805
5452
968
3007
9892
5609
1394
2035
3140
9409
4191
592
495
6374
7399
8853
4751
2582
1006
5989
6473
8495
2629
4599
1683
9018
6630
8520
5771
9418
9304
3922
4412
81
346
2161
5675
5040
2805
7285
7202
8975
999
1953
173
4567
8459
9662
9013
8001
5321
6333
9647
8185
4346
5635
7813
2667
3667
6064
5948
832
3418
8386
1469
1010
8933
5636
9575
2200
6212
5109
9211
8077
95
7974
2773
8353
143
6691
7576
4854
6443
3235
8453
5182
4865
9333
348
3179
5693
6689
636
3578
8412
2543
1242
2360
1140
9671
2654
4217
4395
3844
4969
394
2393
960
5000
929
3637
3138
7027
8359
6084
4023
1563
5147
6820
3136
527
1399
2198
5864
9369
1279
6241
5575
5219
9817
9598
8827
6167
8490
1649
1922
7032
9814
3107
2229
4772
6489
7299
3759
3726
5290
2742
9693
7496
2548
4887
5746
5431
813
8608
4053
5240
6674
8126
6762
5138
4653
2859
1188
839
9146
8210
2540
5852
2264
9752
9069
5930
546
9395
6190
4508
6034
2433
5333
2583
9505
6196
3196
5202
7882
9709
6040
6346
4418
4130
2429
6656
3397
3760
5462
8484
2076
310
6794
954
7999
9879
3748
4119
8312
8634
3661
7580
4102
6808
4479
3567
870
1711
7131
8369
677
6086
4864
39
365
7436
9008
851
4934
1098
8361
3908
7377
7556
3241
2844
5076
8394
9748
3116
5940
1165
4073
8160
4666
5212
1879
6576
4852
7501
9654
1056
3852
8680
6905
6924
8171
7965
4164
5034
9736
6506
2993
4733
9231
6992
8017
590
5283
9080
1871
8161
3954
8864
8672
64
7722
9963
4592
992
1674
5994
1654
8424
7956
5299
2939
6380
2077
2059
3205
3066
8867
2917
5781
4456
8716
6433
6383
5272
1160
6373
4732
9034
6564
4369
7474
8004
4419
8622
1646
7969
1651
559
8685
7622
8832
4115
788
3957
8334
3414
9888
7427
4296
3731
1155
3819
2325
8237
4170
7627
2168
5637
822
4778
20
9179
7764
7089
616
2489
4249
5905
4695
1848
4167
618
9124
9794
5885
4372
2382
2546
2176
1629
725
280
8020
4623
6130
5418
8405
1438
5242
7712
1547
9503
4995
9862
7714
5354
8783
834
9807
3298
9541
4477
2315
9528
2414
6614
7874
7449
9779
6751
7597
5287
9446
920
7213
4717
1755
6730
9295
4907
9417
6783
1661
7324
463
5023
4895
8205
3281
7797
6513
6527
1773
3358
3036
6666
5181
597
2010
9386
6619
9246
2170
9601
6150
5676
5903
6914
7207
4106
339
3997
7250
3417
5758
2470
7197
2728
4938
259
382
264
2983
2726
5388
1964
4109
7498
4658
9561
1783
9965
345
1839
6773
6685
2239
9449
4515
2317
8627
7302
5113
5552
6539
7546
1967
9953
7979
532
7363
4552
8547
2772
3089
986
2117
8057
8328
1487
6013
9843
8582
1452
5184
8423
2639
4439
4094
9758
5441
7147
6642
4311
7883
5320
1251
6339
4166
2701
6240
4703
3561
3355
1182
8979
3314
3012
7064
2853
9850
1410
6698
9361
4300
2930
6930
2118
1313
7692
5749
1960
671
3700
9319
7448
8296
7243
1534
5210
2475
1451
9649
9628
6409
7194
7896
8523
5933
5163
1721
9376
6270
8840
3942
9898
6945
6699
3495
2650
8384
114
2953
7431
3694
765
7961
3039
2407
4890
7160
2303
3762
7429
4159
4913
9707
5285
2436
3690
7341
7521
6952
4993
5599
2657
6402
7509
2748
9637
7370
6814
8146
8914
1286
5357
1471
3376
5413
3597
8632
4050
2813
9299
3572
169
229
5247
8437
1768
2938
1890
2509
4914
3802
7810
5783
9737
4940
8548
3062
6048
7643
447
9881
1892
6377
1218
1092
5547
5152
9669
862
4453
9523
4401
2039
4739
4636
73
3620
5039
4324
2266
4360
6672
8159
1138
8200
7852
8828
4093
3550
7332
3033
4275
4433
4237
1191
7632
774
3963
5868
4345
1204
4518
2398
7177
3960
439
6208
2966
8492
1895
1236
2922
8138
5526
3803
6366
6647
8177
1723
5386
3995
2029
3919
2599
525
5813
2608
6866
2011
1978
147
3609
458
9078
260
7056
7373
7981
3962
5473
1176
2225
9940
955
8651
6298
3018
7765
6211
417
7362
560
4986
7398
8722
5496
8013
5702
9895
1841
5174
7564
5626
6310
2633
3585
2759
1799
487
7788
1786
2994
4660
5538
9075
9020
1299
3465
3629
2271
9873
1650
9642
5535
4683
8822
4366
6119
747
8946
7146
303
6191
8805
8257
5983
3482
1435
7845
2586
1529
1942
2553
9005
4182
6610
2320
1433
5233
9690
7621
2777
3677
5042
8233
7467
7345
9875
8838
4644
6622
3589
835
8391
2554
3076
7494
845
9744
8277
9553
9491
742
4896
9565
4250
5974
3450
2899
7853
8410
5631
5669
1168
5064
9551
5918
3044
3927
9070
3412
1957
9969
8729
584
2979
823
3260
4921
3683
7412
7480
7287
9956
642
651
7168
2060
4925
3528
8042
9612
3232
4278
5812
7781
4431
3766
1436
6996
7465
3005
1458
4229
3438
9451
8372
1282
8209
7181
1184
6111
82
8016
4988
338
5440
5579
554
1758
5561
7942
2421
1159
8746
7371
5553
6446
4211
9630
8855
4847
7077
9672
1198
1941
5231
3702
2326
5963
5642
5211
7317
4295
5101
3944
2299
2466
2956
8870
8539
6682
6508
2275
799
5938
1391
2359
55
549
8050
336
6640
1262
6044
113
3966
5097
8448
6065
422
4673
733
8841
4589
3031
8078
9975
4363
4247
2142
7343
5177
5835
7099
1842
2285
372
4813
2324
8846
5858
1460
4192
3156
3840
9797
5960
364
2952
1504
5731
7157
4463
2434
8693
3487
3643
4082
8583
5126
7471
5104
8957
9684
5505
9396
2388
2195
1243
9813
8204
3369
6937
6742
3009
3483
12
6435
2342
7540
6694
7583
2286
6307
4762
4954
140
3881
7503
3793
2623
4122
2182
7336
9086
10
6284
7557
5657
1048
3892
3663
6644
6563
7801
7552
9015
1565
4817
2566
5980
2593
800
7604
160
1335
850
9681
3163
3086
9596
316
9585
3359
4811
4640
9191
962
2444
3224
6047
7929
1264
106
9970
4108
3548
1116
3101
8573
2237
2441
7754
2348
1195
7578
6812
6793
3057
1965
4240
2364
4205
7736
548
6690
961
1073
6553
100
60
9352
4785
661
6462
6978
4534
9872
1881
6024
5802
6813
1520
9312
1042
3580
3522
6400
4101
4705
3132
9210
9296
3835
7013
761
7608
1990
9206
8989
5369
8105
9135
7843
1591
5510
2989
9092
5871
5025
7691
5336
3533
7451
6296
1762
7012
9023
9082
3451
8300
4951
7121
1912
1323
7866
7294
3456
1995
5466
3126
6680
9104
734
278
9504
9899
5663
1618
4496
2537
3217
3211
6873
1746
8956
749
176
7315
5365
9920
9407
161
1522
9929
9597
552
7920
3783
7695
2208
8270
3097
9193
2616
7779
2936
1543
7776
8918
5340
1167
1065
1089
9938
8307
2571
2677
9692
3964
2604
7456
3185
3666
9207
7137
9955
8407
9834
6741
805
9215
4745
5726
2928
6974
8842
9267
26
2670
2692
3068
3498
6253
1137
9735
6863
7777
3041
1686
2366
175
7592
4177
5836
1589
3169
5719
2183
2662
1846
7660
3325
8732
9580
9521
1685
2914
58
341
4330
6912
5818
2337
1934
9402
2902
4388
6408
808
1340
1141
8175
7219
9837
6184
1179
3513
476
8887
3602
728
9741
3977
981
2863
5999
3186
8766
5755
1586
4328
1602
6210
2747
7178
9492
6633
7603
3088
3556
8123
5347
4756
8192
4975
4497
1475
5355
6017
7763
8958
6465
1930
7840
8737
5997
170
1357
9154
9448
6687
5608
2435
8071
8786
2515
7891
5317
4064
4884
4041
7976
5356
2043
2101
1104
8278
7531
2823
5683
4231
1976
1483
3323
9379
359
1119
7549
817
5961
7899
8570
7508
4480
446
7900
4180
4032
8418
3769
468
1675
1537
6855
1576
5262
2212
1359
5273
4735
8434
6707
9903
8725
1956
4637
334
5471
2741
8743
1291
3377
4748
8019
9377
9539
6207
9404
5164
544
5380
7040
6153
1919
9634
2336
2857
1106
2522
2381
705
7365
8974
1407
6526
6735
6702
3885
4612
717
2073
5846
4139
9422
3491
1926
9447
9992
3906
7630
5735
2457
6809
8030
8831
4572
3811
6743
6817
6713
5583
3565
8596
6804
781
5417
2482
7977
1393
9900
8860
1277
6696
9073
5006
8871
4698
500
9845
4273
6584
62
5843
2779
3110
2091
1304
4659
6950
7805
988
9290
5789
4814
9701
3899
6451
7210
4198
6986
4689
5592
3238
3301
8374
3651
4038
8969
7011
9974
2349
9768
1699
6004
6422
3177
5886
5364
6120
820
7070
9116
1467
5784
7248
1272
7936
1597
3796
8699
6949
7696
1865
2425
2579
8694
5573
5424
9100
3606
1732
1905
9381
7387
9602
1559
993
4879
5677
2666
4723
7065
7289
5049
9332
2454
5793
8158
1479
9885
8046
8668
7378
1070
9586
4547
928
7175
188
4652
5787
9153
24
6507
7432
4619
3354
7839
7684
8525
4987
5926
853
5809
7344
1076
4806
1241
6243
3496
9980
3675
4147
6938
3900
6122
5370
521
8656
6276
7003
4030
9691
6822
1072
6589
5234
8807
305
8834
6203
4351
3988
1800
4445
183
7616
7288
8219
5798
4731
5352
7831
7734
1134
9140
9472
1763
3716
1992
1082
7204
4873
5495
9822
5154
1099
1870
7182
8639
5558
9142
6454
5470
8961
3276
8033
7950
9175
4253
754
8425
2141
3002
8081
88
5373
9057
2542
2991
1041
9665
6524
1339
7668
8339
2684
2913
1003
2734
4754
9455
3279
8983
1051
6909
9410
2669
3178
8687
6131
840
918
9223
6311
3583
9563
5453
7761
8863
3470
4488
3286
7286
5982
5733
8762
139
983
7188
4313
4354
3201
127
7918
9282
9921
1071
6826
5705
9791
214
9048
9609
819
7980
4238
9245
3778
7766
2222
3846
7435
2916
9195
6815
2034
453
1248
9456
6962
1146
7919
858
6209
2418
9604
5745
3484
162
6149
3591
7342
9511
4287
7159
9983
2298
5543
6797
2244
3722
7672
6029
9883
7786
4472
5891
3893
900
5434
1991
1144
9229
4142
1790
5487
4312
6165
7864
9313
6659
1874
8149
3423
9949
291
2385
8167
4769
2850
7504
8472
4095
7715
9631
3096
2603
1521
7242
9030
8245
2480
1861
4649
9896
7778
3610
8447
6205
5031
3985
1261
4701
5686
5991
8858
6964
4215
6164
8184
7232
6957
3497
4120
4478
8094
8968
6678
5995
6969
6593
4561
6581
5909
4983
2233
7547
1269
3753
1546
3614
8358
2130
1455
6432
3688
949
9328
5194
5391
1519
5086
506
3514
5931
4530
5996
6140
4956
8543
6760
8401
9803
7723
1484
8682
3813
2784
1109
9105
8027
516
2908
5009
1875
1868
970
6309
6442
7331
4737
9670
8921
4916
3706
4790
8774
6657
1981
1055
4476
5339
8986
1245
2935
9298
6478
5639
9566
6692
3645
4223
2377
377
1054
2204
1737
7620
5951
8183
4135
5408
7420
875
2235
9263
7303
7559
1375
4824
8163
7871
5236
7978
2710
4282
9002
5072
4603
7986
8259
6271
6859
6174
1494
4727
93
1156
3013
9289
6126
5315
1822
5075
6319
4853
3867
7384
6953
6929
7795
6574
8688
2104
1931
9526
4753
4007
1406
7906
2564
7135
4707
1287
4721
9765
2788
2027
833
3045
7485
4467
6492
1970
3884
413
1302
3150
3879
4713
2423
4043
7536
2432
7601
3662
5920
3571
8895
5959
541
5255
6231
643
4597
4334
2430
8343
1968
4941
3261
682
3121
8900
5799
3510
1787
7858
3541
8771
279
9225
7973
5600
8271
2818
2160
4090
8642
3664
5580
1490
4006
9427
727
8659
6766
3267
1293
4889
5840
7913
6091
757
5166
536
3866
2904
3599
5309
5764
9676
9976
9441
87
5504
4602
2725
1294
2625
6028
1386
3930
7828
3452
7409
5489
6979
7819
5649
2464
2882
2891
4355
1080
3921
5016
4011
9399
8119
3801
1096
4839
2735
8962
3869
2280
7746
3453
6662
1894
8718
2617
8768
1017
7174
2506
2660
5732
9757
3704
5944
2733
4850
9403
8179
4040
3466
2661
9040
8247
5612
7711
6105
5137
5318
5696
1728
4706
7380
7241
4554
3462
5729
75
854
6900
3619
6043
5988
5560
4245
9966
880
2632
2587
6767
7491
3989
2555
270
9173
8816
7085
8580
1838
8308
669
7590
1873
5074
1690
8899
9926
9178
9947
3277
43
1943
4829
7422
142
7454
121
8098
2189
1107
6256
7750
8581
3195
5228
7992
3910
6188
4800
6123
1429
7206
325
1365
7346
7196
7499
7767
494
2018
2197
668
66
9098
4208
7355
3860
9022
9168
7821
8633
7023
4535
2194
7861
5246
1352
8031
6032
9169
3918
2890
1050
923
7586
1367
4068
830
6182
4882
8686
7599
7602
9182
3234
1761
3864
5081
1614
2296
5673
9916
4408
185
6884
7816
1772
400
9853
2998
9234
395
7269
6916
2417
6948
452
503
3168
2100
221
4437
3080
8006
4540
255
9657
4761
9330
9487
8450
8269
5359
7548
2205
14
1556
5048
3250
1647
6989
9579
3015
6827
184
7857
5196
3545
6838
7192
1053
7321
7114
5092
6157
2793
7009
6059
9433
9059
9120
3346
1843
1166
577
3776
5866
4427
1473
6719
5032
213
70
8953
8536
6081
7005
356
9276
7888
5737
135
4254
2559
7057
2282
4116
2026
6382
4725
1642
404
6234
7325
4465
5630
2717
4972
6466
5414
319
5698
836
1509
9136
2116
9061
3611
5616
6274
9341
3862
647
4978
6963
7513
9789
6305
1813
711
9138
9687
2427
748
8249
416
2003
8107
2945
8246
7937
9424
666
1225
1562
3814
1639
2549
1318
3067
3206
4
9394
5498
6752
4187
6237
3259
8720
5697
3115
6275
3048
1175
4322
4481
9163
7463
2631
925
3786
2338
2045
744
8567
9732
7694
8601
6558
5084
6331
9115
1274
9331
2649
3791
5884
4036
6239
703
5614
104
2459
9912
8100
688
8041
9302
5853
5537
4710
3123
5763
8788
7295
9755
7092
1482
7657
8284
1911
2153
1059
3581
3949
9123
586
9661
5362
9230
2288
2976
8322
7055
3961
6369
6000
2889
5577
9625
6300
3050
7129
6302
4210
7951
2680
8854
606
3894
6168
52
1097
3703
3641
4528
2448
1628
8373
433
2531
210
8337
1074
8652
8609
5776
2831
9271
7675
6867
1535
3268
3559
7237
9113
5654
9132
1909
9595
1257
6321
5136
9081
2883
9804
811
224
4417
3818
8431
513
687
1630
709
7155
8181
2698
572
3735
9121
1417
3306
8760
4316
550
4448
8769
208
1301
7439
5952
3873
1078
3392
7905
6708
7328
4702
8186
3372
8314
3400
5270
5140
3144
9174
1416
7676
2642
1402
1587
2474
2852
8309
4906
6483
1415
7406
2157
3065
8629
9673
7772
6522
9383
8997
9967
4982
5671
4801
7759
5889
5824
1281
2944
6403
8806
8744
8733
4399
1405
5448
9751
2532
2721
7948
2923
610
5204
2126
5012
7683
3319
9739
4976
7440
8085
4344
9218
7320
7309
4391
5245
1518
9474
7045
6684
6259
63
8316
2663
9278
2836
3203
1993
6784
4556
1449
935
7908
1812
7582
7479
628
5195
5900
4100
4905
6223
6774
8755
4957
5464
9084
4542
7036
1081
2213
8654
4502
2128
3845
8444
7884
2413
3516
7903
6856
9497
438
619
3011
8010
1095
8251
5710
7649
9799
4669
122
7865
2224
4332
1560
8812
2948
1849
4263
8382
599
3903
7228
3736
7038
7739
2415
4743
263
7446
7090
638
2159
3410
9216
2372
5831
1829
9519
3564
7663
2053
3806
3257
7026
4501
3208
5584
8275
4054
5381
2345
1548
6247
4329
4342
391
4965
2019
8675
3797
5484
9294
7214
2405
8498
9264
7735
5304
2163
827
604
4614
2057
1885
971
7963
4382
7113
4291
2497
2552
133
9653
4726
1355
2133
755
1254
6258
5823
190
2560
7886
6498
707
8825
9939
6882
7705
5723
2278
2230
7516
1212
3389
6535
9323
3347
3373
8026
7720
4958
2273
9499
9414
9204
8706
3460
245
8417
3229
848
1622
4985
3083
3896
1039
2191
6248
9412
5338
6575
7901
6381
5155
5820
795
6540
7472
9540
4935
2274
4507
1767
1030
4196
3785
3676
6781
1499
9971
4358
5015
4112
2817
4516
6893
8045
511
691
4866
1181
9859
3771
876
7046
2092
6667
2723
3968
5821
2341
2232
3219
376
5251
3056
883
2841
1332
4272
7222
2847
2780
4945
8009
591
3157
8747
8748
6844
1011
5915
3113
1230
907
223
246
1577
8847
1631
3886
7854
3311
230
5099
6737
428
5478
3767
415
9205
4153
2098
1916
5972
7385
5071
8658
2169
1108
7774
5658
8770
3546
5089
3604
2652
7538
2353
323
623
9397
1342
9516
6579
4551
5103
5316
1708
3792
6415
1513
89
7104
9259
4747
2253
4593
3335
4415
91
6279
1143
5656
9495
3469
8224
4709
2990
3087
2876
762
8602
3502
9481
3557
2612
2257
9629
1420
7103
2778
6348
5727
4368
8352
1480
7543
2329
9645
7461
1947
8829
2085
7959
9097
7251
2188
8108
8194
9945
4410
4570
5792
1889
7102
287
4770
7709
4156
6514
662
8653
3439
6143
6428
7082
7394
3173
9951
2420
4565
3858
284
6306
9318
8267
6520
5135
2630
3312
4569
6727
937
6292
639
9790
6600
94
8531
2927
9222
6005
7367
660
7098
6819
7755
5986
7290
906
6512
9576
6379
6252
192
2519
5957
9950
2644
1946
2544
7596
8584
8282
1409
3240
8644
2584
6464
9856
3479
9517
8730
5430
9355
9478
5716
8199
6268
8857
3601
6244
2689
4298
9591
1183
8463
558
4870
2749
2167
1309
1707
8349
4233
6734
6918
7280
6159
5392
8454
5497
3289
8335
3834
9476
9535
132
750
3501
8883
4035
7459
1798
4568
3375
8136
5875
683
2246
4616
5442
7372
4805
8040
31
6069
2837
3264
9743
8756
1058
2828
4858
9254
5244
794
7634
2999
3934
5269
5295
8972
1403
7186
6635
760
3531
44
5515
2109
2351
7880
2715
741
265
1147
4939
7628
3152
9101
3492
7958
5767
7130
6334
2620
7476
7217
8169
6810
5
412
2949
7118
6648
9968
2946
4816
4736
1124
4648
6879
5904
6222
4885
6709
9695
1063
5690
1944
702
6592
8190
3812
4125
3931
315
9039
9277
6845
3882
4339
5289
825
7631
3378
6975
3029
9636
7842
3898
5816
919
2637
2982
655
6426
7209
9808
8649
9122
8612
2523
8289
2283
6145
1765
4423
8713
5894
5869
3593
5325
1899
1530
4617
9388
6394
3632
4650
1307
3399
656
9001
8038
4559
4992
8336
4405
3447
3474
9977
3379
9071
984
1606
9209
5932
2277
2294
8230
995
4999
8588
3174
9162
8731
4110
1232
8363
2796
777
5990
8173
1554
4173
5235
4028
6596
7195
2390
2760
6082
5112
9305
3189
2679
5035
4160
8476
5796
7184
7706
7148
3
1539
9689
7867
3656
7947
3071
8112
3227
896
2354
9710
1698
2447
8734
7522
116
7594
6325
6098
7438
9443
1835
8926
6987
9031
6488
2790
626
4441
9439
4154
7771
1035
7020
7337
7108
3795
3535
5672
367
3046
778
5098
3652
2643
4037
5530
1722
1362
9660
431
4056
4638
3310
6828
5232
7263
7877
2820
2925
1700
2830
7752
1418
1390
1927
3283
6740
2309
4544
4265
9927
7073
7624
1320
7904
1533
4608
4967
3953
3494
8320
4804
5968
2766
3255
1830
9056
141
8012
7733
5563
4665
6264
1595
7640
9420
4251
6886
9941
4604
3725
2392
1091
5038
2365
1501
343
7674
3285
5159
5133
117
2401
5556
7876
461
2105
2614
232
5684
903
8881
8837
3887
861
5458
5207
4048
7306
9918
814
1820
1836
7358
2032
6573
522
2135
9170
6665
578
9880
2590
5521
9772
5305
4533
4222
5334
9705
4327
9099
8698
5861
8241
8569
7488
7995
3334
4531
1750
4577
3207
4494
1896
6060
632
6582
5193
2929
573
4128
6965
8166
308
2758
5284
2971
2786
701
884
3701
3833
1461
3054
588
2103
4633
6556
1028
8559
730
598
331
6811
8477
8099
5257
434
47
6891
6999
2981
1373
1588
203
7790
4872
9042
2203
912
2136
7059
7437
6262
4711
8893
9398
3445
254
4260
2488
5895
2693
6327
2021
7112
1887
3596
6621
1682
3994
6795
2064
3428
3258
9125
1670
2201
8761
4183
608
1083
2125
6372
1265
3672
2580
2082
3607
5674
4018
4098
1210
7375
8775
3159
8367
3052
242
1913
938
545
7662
787
8798
1044
8749
3653
298
4641
5772
5605
9762
1211
8265
5043
3529
9155
2209
6941
6947
9909
5604
4004
3326
4270
5632
1752
667
8121
4679
6133
1659
9
4833
9038
6362
290
145
3161
4235
3167
4377
7799
3946
1379
9284
3708
7274
7300
3278
706
7402
7061
8378
4226
5688
8947
153
342
4928
916
3231
4663
5313
953
96
4686
9421
219
7916
8399
5178
4729
2525
6968
763
802
8117
3299
4862
789
6628
7109
3411
8377
7780
901
9389
5770
6790
7717
6710
9800
6470
236
4504
5451
2075
770
449
4655
7555
8667
7872
1296
3926
455
3773
4499
6591
2877
9979
7024
1566
7423
2371
8936
3403
4526
2445
2339
7742
9700
164
2114
3902
5314
8227
2357
6007
2449
8236
9914
4394
7353
8589
790
8462
9781
6786
8929
1632
504
3472
3634
9778
2408
8403
6074
3165
7158
5804
6865
2592
8793
2803
699
8076
5264
5581
4473
7512
5969
9569
9510
9675
9186
3362
5366
5149
7054
6560
5748
480
5499
8212
2226
6226
2252
7817
2196
79
1851
9437
9141
8945
8513
149
7193
6749
4304
1443
3272
1371
6087
6115
2292
6627
9785
4624
9542
9972
5541
8061
6637
1396
2868
1503
5297
1952
355
5976
6354
5706
217
8684
4044
3825
8294
1330
589
2910
7116
9826
3757
1959
4878
8449
1327
5998
7617
1240
2097
9704
2094
2565
539
9788
9509
7718
9902
7982
9835
6342
8286
1004
3699
3920
7757
3114
6658
7254
1578
7727
4600
2493
7091
1284
8315
4387
7487
6516
3330
8093
2954
3674
29
8051
6732
9749
5477
9887
3999
978
1154
397
5902
4926
7139
731
9761
6768
6853
818
138
9552
2683
1227
4984
7374
3431
1400
3623
5062
6156
2824
5037
7376
1608
2185
8464
2369
4432
7562
6108
9137
9801
7768
4680
9668
1219
5712
2743
1442
9986
2906
3446
2892
8590
4888
4596
6669
5956
8402
8414
585
4973
9077
7609
3742
5206
2635
2613
4446
195
353
1031
7484
6003
2403
3836
8759
5964
2567
8906
7266
2861
8203
6475
2002
4271
9064
9677
4654
9471
1742
9363
5714
7444
7707
9833
5294
158
266
9494
1351
4909
4678
4202
2352
9666
2879
2443
6358
2479
9192
8152
8794
5545
7544
4455
2331
9063
3459
2276
4065
4083
7486
7245
9638
423
5046
7453
3746
2147
2887
6970
5399
945
7713
600
3618
4773
6880
5711
8738
7822
4133
4742
9942
6147
7164
5570
7577
3370
5979
8086
803
4910
181
502
3353
2974
4834
1200
1989
7418
809
5157
7807
243
4684
2072
5782
4261
3693
1437
9773
1020
163
6138
1880
8451
8097
519
7837
7407
3859
9922
9094
7382
3162
9587
6037
8941
9616
6583
2814
8496
4503
5346
6351
5906
5145
8429
4585
8976
4851
273
2873
197
3798
6169
6027
7244
6430
5738
1777
1581
8728
9350
1427
7466
6371
650
2858
692
3049
6072
238
4163
2909
7495
3094
257
1617
330
9723
4767
6688
2015
4379
6213
9026
7598
8396
5910
2668
1623
625
1233
6777
6357
2591
3248
5542
7811
8262
991
2843
5942
9440
4085
3998
1810
9745
9297
1142
8393
7183
3890
4430
8024
990
4283
3923
8092
8527
7074
2513
8005
5010
8239
856
6152
685
6480
3912
1496
5160
5404
8032
994
6315
1290
1827
7015
3615
1710
9889
2964
8577
1592
2040
6035
2396
1412
1644
107
4821
5947
6134
3752
6570
3537
3582
5751
9554
1713
8742
2503
2520
450
5265
4024
7076
1213
6779
131
6705
2140
4413
3129
5511
8739
2985
2686
6132
5341
8993
2397
8460
7785
4266
4712
4922
485
3909
193
6304
6002
3304
2305
8446
8201
6537
2573
9812
7357
4629
871
5551
7004
6405
3520
6308
134
2547
8292
3081
6816
1743
5468
6053
8089
6049
4340
9771
3266
4521
5628
1663
1645
3221
492
9324
7923
831
5670
6423
1465
4299
684
3577
2722
6571
1884
2699
8779
8723
2132
9286
4835
471
8911
4578
4690
389
8054
9219
927
5660
8116
5815
4003
8610
5337
5893
2781
5590
3646
9614
8856
6128
5517
1305
4506
7633
5993
33
9134
7153
6910
7789
8549
7685
7256
7095
8466
782
2871
6289
6392
3351
2477
2648
3875
746
3454
2607
2121
6548
9815
7922
6984
5872
7419
2399
9046
9236
3639
4353
1295
4426
4692
4795
1492
2451
7851
5225
296
6453
6511
3055
2738
7002
6862
3727
8154
3935
5523
9362
8897
7955
9317
9003
1149
9368
8008
1358
2585
5603
3432
9353
9426
8951
1963
4425
8690
1515
8998
8890
4724
1987
3576
9036
2030
5483
8797
4573
729
2155
9827
8197
6320
9836
2716
9327
7094
1709
7298
1422
8129
3122
5460
7862
1440
7917
6101
5131
8820
2752
2840
5268
6378
9452
3382
8994
3085
5936
6291
189
4259
4383
5425
2139
816
1174
5389
414
3904
1196
9311
317
8795
1528
6375
85
5500
7887
2870
3105
2481
2175
9281
1901
5029
3975
4132
201
1796
8917
622
8572
8625
6612
7340
3969
2864
8811
6015
3505
855
9559
847
6277
909
1311
582
9413
6078
5597
5127
3680
9537
1596
4390
8127
6967
1955
6469
9648
5898
974
6818
7071
899
4768
8545
5808
1464
8772
4520
3010
1806
228
4460
4571
4234
6943
5094
9045
6746
333
5220
964
7271
2251
6439
9351
9343
1408
3992
2453
3950
3402
4645
5862
8995
8287
570
4091
8260
9518
5525
849
2219
6421
4359
3749
5534
6437
3155
5747
6529
8196
5832
1152
5405
4819
745
8035
679
2869
2455
6266
3506
3435
4877
3352
3681
534
8532
8907
9200
7140
1809
2702
5519
3848
1161
2346
6404
897
1189
2504
5833
2595
4114
5169
8599
5319
5838
1771
4276
7428
3914
743
4642
8452
8522
7798
2025
9152
6754
1126
1883
9438
2729
8070
5550
8565
6033
4489
6068
5278
5205
5350
3670
5703
4846
6273
8646
2093
105
3917
7579
7066
5540
2215
168
209
9450
6099
5361
6102
1814
76
9897
2896
8291
258
3317
3612
7361
3982
2675
4438
1751
6839
6805
7411
3937
5661
1502
8096
5161
2665
6397
4308
8059
6651
8037
5382
2148
8507
6129
4861
792
470
958
887
5168
4685
4169
5167
7847
6056
9515
595
5170
8321
2808
9496
2089
2217
7297
6151
4595
7710
5376
2838
7464
3855
9133
2821
5322
3324
50
2084
6200
644
9640
3237
3251
8937
48
9228
6837
7642
2463
8113
4193
3515
2962
4609
9037
3175
9562
8735
9181
2622
2695
2569
2270
8502
4628
7134
1694
1208
8981
1036
4613
9032
3981
6117
3117
8963
6791
7170
6509
1368
868
3710
8927
6227
4325
7833
6127
1770
25
8487
1754
9156
6559
804
9734
569
9792
5913
3130
6484
4880
7319
3187
9391
8
8702
5469
150
8266
1852
3315
7096
3385
5394
5718
5052
8470
8486
8892
7745
2602
2534
8884
4107
6609
436
2563
4500
2526
2228
2394
1803
2745
3003
2456
2605
3436
9624
4646
8370
4541
4875
3212
768
4923
5047
3490
9717
2835
9546
3740
8791
5555
9102
2199
1354
2236
4436
1801
9460
4026
7550
3534
7475
4081
9842
4564
8456
4899
8777
357
6729
5172
2297
5100
4780
908
9164
9220
4912
1637
2146
9805
352
402
5750
9802
3647
5544
553
1344
5689
9905
6562
5050
427
4269
4197
6347
3816
3865
8821
5759
3406
261
663
3079
6460
4289
3665
9646
2862
128
5536
3429
3807
5429
366
2776
8526
8474
9095
7334
1847
7401
6904
1034
7570
2258
2202
9697
4730
6936
7650
8955
9674
1779
581
7236
1740
9266
9756
275
1348
4185
5082
9937
6660
9783
148
1689
7529
9907
7928
8930
8943
8501
2068
7698
2050
6160
4435
7072
8488
6883
5218
9998
1733
8830
5260
8643
3318
2066
5271
2744
2897
8065
5324
8014
2145
940
4320
8198
6142
2259
2074
5935
867
4902
2545
5647
3025
6109
8340
7393
5966
7314
3288
7364
7481
5567
5834
6063
3295
3976
9203
159
9786
721
8865
2530
4917
5239
6010
328
2855
5051
6944
8338
1111
6071
6788
9262
4876
1933
6921
7994
8910
3021
1540
8695
7605
2376
1729
3419
2645
6590
5655
8427
2893
7725
7156
1834
8613
3808
311
720
1169
7983
194
5613
4315
9831
5222
8303
7932
9149
1802
6706
6549
915
6601
2313
2502
4449
4667
4837
6398
6125
4457
9274
2367
8479
3689
2986
9114
1945
1018
441
9255
4715
7247
2810
1300
9309
3763
6012
3594
5695
4576
5822
7307
7136
7830
7323
5053
4232
8576
8792
4924
7664
2498
4989
5150
7218
4830
2496
8789
1974
1237
1575
1897
5877
1582
6683
7924
4059
8341
5927
7310
3075
6294
2940
8478
4782
9457
8912
1341
5459
3820
9172
3303
505
6083
38
7173
4069
1785
7678
2713
9904
6225
7625
2606
6872
7681
921
556
9118
7142
9498
7492
6846
9538
3365
2898
2495
387
7120
4058
8248
8550
1246
7783
7701
3916
7688
7050
7907
6888
9072
4863
5335
1726
3768
3444
5060
4823
6197
5965
2207
9688
6829
5485
237
3856
2047
2154
5371
5890
1744
5280
6434
4587
6982
3135
5844
922
9823
7647
4796
7049
2578
7255
3104
1831
3341
2827
7312
119
34
612
6468
2921
6679
4487
3139
2518
975
1876
6578
5667
1657
5416
5143
1317
1197
7808
863
8509
6316
4307
7262
5644
6869
9217
9796
7381
5651
9183
1361
5892
442
6360
6166
1921
67
2431
9238
179
4694
9060
7127
2333
8533
2529
2886
7163
6077
9764
6395
4700
6107
448
3745
8118
8011
574
7391
5924
9592
7203
7270
9876
4385
9652
3188
4199
4113
4827
4590
9531
4157
4318
2950
5855
8664
6054
8935
9430
710
8174
2763
9009
182
6836
6429
3468
9667
6731
7824
4452
5899
6016
9574
3907
1869
9088
1549
3711
3103
5621
3166
8852
2556
5650
3642
2307
4184
6217
174
4076
8124
6399
74
4319
2164
9157
806
723
5653
1275
8605
5679
2402
4434
3118
3568
674
1688
2374
3387
7187
2646
5142
2874
405
4336
9366
6653
3060
3158
8872
7369
9613
7584
2332
6030
6724
5854
6723
6414
473
3233
6552
4529
3291
8919
6018
6561
222
4904
5766
9884
2106
1000
5475
563
5020
6093
3872
9307
496
6544
9934
3437
9811
5192
2969
4335
8948
1738
812
7348
444
810
9285
8482
6580
6447
7490
1893
7354
9633
1914
4639
4779
9725
7565
4574
713
7430
5114
5744
4396
6471
5093
5611
80
2340
4777
9047
1951
4201
7190
8162
514
7940
5761
5692
5203
9014
318
5200
99
5704
8371
8305
2975
3077
9763
8965
4828
1961
7025
5533
9655
4582
9067
3401
3824
9728
6057
4080
6245
6935
1915
7468
4343
780
78
9635
3828
4560
6036
8877
9573
1489
1127
4929
2770
6663
4268
2860
1223
5349
3720
7615
9507
7080
4450
4357
2941
9273
7442
9110
5005
3868
2888
171
2234
1193
2343
1571
8133
3477
7455
8740
6567
2263
1863
864
4392
5622
2311
8861
7281
8193
5237
3464
1679
7569
5230
5682
6340
6643
57
4898
1717
2576
6112
8148
4086
5018
3655
1693
1702
6833
3831
6146
5070
3204
740
3876
7931
888
3321
4140
5129
1760
6410
9054
9746
5144
5736
72
6233
1454
2561
1133
6116
4047
8293
1226
54
9373
6193
8007
1356
4294
9320
8888
4662
5226
4042
9085
3837
6565
3284
4146
3183
4374
5329
157
3102
8721
9759
4580
8521
7841
5079
8104
3625
3265
2618
4626
1315
5353
4971
8263
4421
7990
3064
8703
8039
5548
5153
3078
4220
7775
8063
4900
235
4915
312
9176
8879
1057
5409
3678
3109
7563
374
1748
7702
5694
5173
3345
1093
381
9787
3141
240
1201
4844
3343
5465
6186
5395
6246
7067
821
4493
2058
9547
966
8901
9532
5022
9600
1507
2688
3360
6980
9006
7743
9818
6179
3184
5741
6623
1662
7007
7216
2774
1456
6020
7413
1962
6778
6198
5004
675
1607
8967
4378
4514
4543
4946
8753
3775
2704
9867
2262
474
9682
5191
2022
3463
1735
7110
2798
4588
6497
4303
3249
5374
6055
715
8207
6376
739
335
4092
7677
2462
6089
6618
7265
8360
9429
3660
250
9058
1162
3687
1401
8106
8538
4635
5482
7787
7732
7447
5491
629
2775
7523
7892
6255
2362
3000
5914
7301
1463
8905
1103
7970
1428
8990
9356
758
6602
9308
7224
5929
3308
2815
276
5401
249
1084
9766
4509
4869
2063
7180
3146
4039
4594
4763
1043
657
1757
2005
9475
9370
678
1088
418
5700
3416
2314
6745
8491
3282
8187
2424
3274
753
7404
5977
2577
7211
1022
2316
7971
9830
5811
6588
4409
4400
9932
289
3270
7253
1910
406
1660
2541
635
1920
9957
2071
2411
6313
1804
4741
676
3861
4825
5312
8055
2238
5987
766
4517
9226
1270
5345
3090
186
123
3517
5839
9611
410
2957
309
3991
9848
7893
2601
7885
5734
4002
3242
435
7515
5259
9190
8213
9411
3777
776
8880
5645
8408
1102
5624
6607
3322
2242
8758
9829
2179
1816
7517
7208
2610
3442
673
7535
8878
9868
2192
8553
9029
8517
842
2156
4867
5398
2042
6750
786
2152
4964
9159
6632
9049
3569
8023
4227
196
288
3430
8763
4842
7189
9128
1026
7223
5754
363
2640
2731
4046
3425
9603
1877
5276
9530
646
4411
1014
9610
8272
1114
3133
6993
5423
1825
6104
6485
191
4333
4911
1542
8996
8216
7747
967
4630
1638
996
7921
1486
3588
8850
68
307
2046
7235
6530
6770
2517
4224
3538
5332
215
8325
6757
1209
6287
6681
5375
6971
2943
4281
9272
8535
1741
41
9288
7081
4786
9044
9564
973
9978
3595
7690
7028
8665
2705
1448
4944
2037
1819
9199
5165
4758
2997
8891
8329
1049
2293
8636
9544
5867
84
4563
3547
2539
198
3509
6482
7368
2641
9578
5752
1488
8223
6322
9043
2782
6202
3616
4348
5606
8618
293
5342
5596
2951
2491
4292
3143
6370
1950
8388
2714
1984
2328
3741
4809
5847
5795
6417
4671
4148
890
8814
9656
2783
3730
5176
3939
9293
1878
3521
7424
1719
3905
3434
3525
1573
4682
1676
9716
1217
7329
7041
9806
4952
6229
1725
885
6599
7132
5806
2007
9910
2426
6977
1321
9825
9025
3523
4010
3891
3970
7356
933
430
7421
4252
2379
1727
5549
3181
1939
7744
8848
7666
7225
3696
1808
1704
4221
109
3142
9004
361
5973
7267
2807
9995
6748
17
3493
2256
9558
5687
8544
4466
4511
5107
8562
92
9720
3262
9490
4149
1691
9016
8556
3236
5665
4812
8436
5188
9434
9533
4527
9087
3297
2988
523
5503
6353
7240
2261
2765
6349
9050
6887
8465
4505
5849
8600
9378
9033
9891
4759
1194
8640
5474
9946
7954
8062
5859
7191
9549
4818
5323
670
4280
2809
5724
1665
7542
736
144
9240
6242
5008
3941
9754
8090
5400
8103
9753
302
3648
6655
4310
2905
2162
411
4970
9650
5946
4121
4013
5197
9568
3327
5028
4693
6861
4174
2804
9160
8385
3458
624
8932
4126
4513
6494
4610
9287
3269
5518
1672
7097
8571
2740
593
9512
7648
262
3061
538
7721
247
8411
3756
9232
1681
1902
2056
4190
7511
7443
6487
2055
8574
4860
370
5634
2727
6062
7988
5513
8150
5186
8764
9242
6608
537
11
5765
7719
3200
1273
3111
4843
9139
8949
1319
1736
1687
2452
7574
7119
1523
509
8666
1850
5343
7128
362
7352
1292
5880
4111
4838
4704
877
6011
987
6332
9525
3789
3659
6257
9793
3128
7860
8801
4144
358
9571
2626
4084
5156
1555
3782
8714
9536
9371
4349
8818
4181
8623
1411
3684
7152
9335
489
9177
807
5472
8178
1280
3790
2880
9522
5760
4241
2737
1778
2528
1784
152
7316
7433
1067
8700
4420
6717
2572
354
7946
4393
3924
3772
6445
4279
9506
8670
8366
9886
7304
2306
4370
3243
2308
7126
5141
5565
8874
1278
7246
1828
7018
9257
4127
4309
1260
882
8717
2628
9300
1370
8966
1609
7838
5856
7912
5055
9780
2061
5122
4203
2218
9021
6664
601
6448
9344
5241
2937
6228
8299
1724
8707
3391
2963
1087
9925
8244
4186
9280
7111
9769
7972
9329
1132
2460
3984
4621
5348
7665
7230
3112
7434
2391
8524
4857
3799
2281
4848
2115
1923
1164
1466
1062
1997
5208
7737
7350
9715
2754
980
6959
7403
2014
9385
2304
4402
4968
2736
1627
8849
4886
8676
7167
8346
1971
3938
2108
3247
8439
5175
9750
9864
6715
7689
6626
9151
7107
5410
8327
5328
9893
6361
5090
3171
2260
9221
3880
5296
2829
3443
2732
1033
6864
7612
7415
1372
7069
2691
2469
716
9325
7264
6983
8170
9247
2678
3120
7311
2206
6840
3350
1886
6352
2323
5437
5254
2574
2033
7068
9322
1250
7279
5629
6457
9680
5249
9464
5406
6759
501
9477
3590
3367
5587
469
3160
665
6955
351
1256
7408
8301
5619
4052
8111
9111
7460
8079
3223
4793
36
9550
9338
6095
1550
2112
7638
3685
8428
3888
3512
2538
3779
1117
6725
8715
295
6550
5506
124
5507
1276
7551
1867
4788
8876
120
1668
3781
911
5520
206
9347
7770
7171
5411
6716
3153
388
9944
392
1996
8238
2028
4225
4407
7528
6461
5344
7566
313
5311
8064
4566
9425
1775
1898
8597
6281
3024
694
8977
6703
1450
3911
3008
5529
5508
6597
7533
5955
6181
6906
7327
4262
2600
5943
9776
2375
5810
8669
3972
893
3253
9747
5825
5970
3815
1599
9321
1653
7820
2615
344
5117
369
2507
493
8375
3554
19
8873
4072
2079
5120
101
1764
5769
583
8711
3770
3356
3486
1388
6092
8648
1526
3124
874
6009
6676
1636
4034
8882
6686
7964
1730
6124
7669
4384
3947
6841
941
689
6704
9357
1170
4151
8708
6171
6911
396
1811
8354
5992
4720
8483
8592
8141
4404
5217
466
936
5919
4323
1444
8537
5439
1381
1936
5139
9400
2918
9392
8364
2172
5083
324
4601
6189
9906
6283
6598
3214
607
7760
8034
3190
8506
8726
6440
9469
4207
1343
7751
2080
5463
4288
1832
4676
7960
3478
2438
4444
8641
1180
4255
8125
8663
8982
2903
3697
7881
8455
6972
7575
5554
9524
2231
4657
8392
4422
2673
3440
2801
2119
2442
27
7414
8242
3292
486
5248
3252
8036
8480
4631
4931
6806
2113
1866
4256
1447
8817
277
5476
2524
7220
4365
4525
7703
7829
326
6758
8603
9981
5841
3929
9943
6187
9165
1824
8826
6135
8915
6085
2806
9432
3788
7762
1949
8298
9770
202
6026
1907
3342
7957
3622
2907
8497
5524
7728
3743
8557
1983
3826
3074
401
6902
3780
6693
1553
5003
3210
1633
8724
8922
3765
8866
2327
6761
6928
944
5568
8003
5183
718
8139
6278
5026
7051
4482
5937
4963
9076
4416
3857
4403
5063
7680
6726
4485
5569
8048
6363
8362
2250
9594
9958
1497
6158
783
1603
1593
7753
4138
5907
8594
220
4808
1856
6960
1244
1795
3213
5428
9292
9112
1782
8180
891
451
3853
8558
7044
5438
3063
5572
5479
3654
1192
6532
5310
1780
2819
3394
6894
7417
1128
282
2051
1766
7347
457
6671
1935
3600
7554
6148
565
3149
1229
3239
9354
477
2558
3386
4075
4204
8750
1481
5598
9930
4152
1561
4510
7589
7656
2221
7161
3172
9306
9841
1620
4618
9874
931
4219
6603
3755
2919
4134
1756
5146
2973
659
6555
1701
9901
5454
2533
3650
8416
5158
9917
942
2708
7926
6925
4209
3476
9702
7784
8145
7283
2799
15
9079
7273
2764
2247
3014
1821
8073
8218
6419
5912
8593
6939
3457
6326
2387
1696
4123
8143
6889
1298
3383
8400
8784
6897
5897
7639
8268
2846
6830
8256
1594
5911
614
5252
9346
1584
1908
6661
2302
6261
1975
587
7075
4301
7553
6851
3127
6954
1531
4239
5027
3331
7667
5445
165
2822
3070
1823
5036
8745
6835
2486
8234
5627
3098
6796
8302
2439
2568
6890
9679
8250
7679
6903
8413
8923
7014
2008
5327
7591
1505
1385
6282
7039
1157
7117
8862
9150
103
2062
621
4000
7497
9187
5681
4949
1439
3151
6857
2428
6913
9520
6495
3621
989
9117
4375
1769
8120
4406
9103
8387
2653
7172
425
6288
2825
6474
9502
7938
4625
5134
3630
5024
2107
5291
2977
1720
6224
6201
5444
5791
6620
7629
390
771
5646
2127
1904
6097
690
3932
8044
6877
8442
1684
5148
7221
7079
5214
5922
9760
8355
1333
7731
6080
40
5715
7239
5021
3026
7405
2849
9639
1833
8673
8074
9326
6780
9809
7567
1234
1413
4442
6067
5527
6106
6917
112
7478
3980
8903
9066
306
6214
6701
8311
6874
4536
2193
5014
1472
6860
6545
6876
2767
4836
860
1925
7859
4950
6420
216
9847
6490
3371
4771
6185
3293
5874
793
4078
2934
8095
6479
1316
3974
3230
2083
9485
7673
9197
3990
1009
4129
1190
151
6503
1131
8800
5387
7154
1172
3461
9144
1557
2111
1491
9513
8231
7227
8469
8934
7176
1032
2044
5743
4675
4248
6114
269
8018
1966
7141
2483
4776
704
6254
3001
3810
9127
2980
4025
4980
7087
1734
1544
9248
360
8776
320
824
7052
6444
6654
7524
4716
9393
2687
6650
491
9027
5728
1634
3256
9310
8859
4562
732
5962
4020
4512
1671
5773
7162
6934
2885
1203
6269
1334
5709
2301
3733
8409
9419
4775
1511
9501
3913
7934
6789
8628
1263
3527
4213
1303
4077
6286
4815
9960
846
714
5171
3489
2124
6901
6634
1692
1231
1419
6493
6985
6021
7318
997
5788
2041
1122
1635
8988
3147
1345
9627
9844
5814
3965
7890
6344
3424
8443
1094
7670
9632
5011
8029
3841
7716
1178
2023
2484
9090
8317
1002
5229
7083
1579
3734
7505
3738
3719
7115
3897
7084
1360
1815
9721
9706
1979
6406
8419
3263
2036
4697
2794
459
4386
5501
2138
8058
7296
9577
1130
6387
8000
4158
3754
3511
2052
1383
7998
3838
420
1214
329
2866
7022
8252
5384
465
383
3441
2719
4341
4347
9620
1857
6744
3628
3095
9208
1288
7470
547
6441
9068
1347
3613
7047
9712
3993
6966
8868
9468
9145
37
9593
6297
33009091
2241
2373
1007
1474
9360
6519
4881
3305
6557
6096
8683
1705
7284
9619
7462
6868
1817
8306
3739
9316
6995
6481
3718
7396
4305
9742
3198
2492
4236
3296
6368
6195
2647
8276
1285
5967
8564
5282
3503
5713
2911
2174
5680
8457
6330
4696
2965
6728
7520
6215
2598
785
7519
7823
4549
2437
1235
6025
3952
7395
1506
528
5602
5180
3404
2739
7360
672
1118
959
6141
2845
1928
481
3830
1158
9840
5699
2768
6438
3125
1258
9489
6831
4267
4722
4055
7326
2383
371
2676
8701
6771
7607
9463
6463
6898
4362
7610
108
5403
5595
1982
267
432
640
6981
2122
7741
9994
6554
3603
111
9658
6961
1113
2458
7782
5435
129
8274
9130
791
8757
6569
9166
300
3870
3519
3829
6785
8504
9964
4832
9269
2494
5842
6821
4118
2718
1940
13
1139
2638
4947
1495
180
2761
4688
8415
7144
69
2038
6763
6110
5532
8824
712
8140
6456
3220
4089
349
5187
6367
8810
1716
8333
8326
239
6183
8712
1046
6204
4974
3313
71
8620
1252
7001
735
1206
7313
3682
1854
1903
2842
225
6510
2284
844
4019
1948
6606
5707
6317
9643
5888
1643
7078
3504
1364
524
985
8458
8808
4859
2020
8087
5873
8920
8902
2086
3336
9555
1382
9436
5807
8295
9416
2570
7033
5701
1749
8595
5574
199
4752
9458
4672
6585
9556
852
1047
9861
1145
2514
9161
9589
5213
2269
9659
2416
6629
7502
6459
7944
6973
3082
1163
3344
1404
4447
8904
7278
5805
9256
5275
8650
526
5981
2785
483
2363
7985
3481
1322
1621
9342
8176
9663
9993
375
6314
136
3562
693
7053
8719
4005
3106
9261
6923
9878
2987
8288
3579
2512
9928
8379
5557
9984
4014
7338
3817
2472
8954
8689
1110
8696
9795
1238
4137
8886
2184
9839
576
7043
8710
2557
5625
3943
7962
45
7930
756
779
2972
6616
8222
102
9548
1376
8839
172
4807
7593
4831
4961
9291
8420
9279
2319
4632
4936
6772
8645
2655
7037
8898
7825
5757
5446
4172
4681
8950
8368
5591
555
6235
5975
5253
2709
421
9126
4242
7359
5939
7252
9053
695
5928
3744
4468
5721
499
9860
8833
5779
8332
6162
378
1306
4903
8313
9996
9599
4784
972
8109
7525
9915
5865
9959
2931
2031
2856
7600
5882
8585
9685
7909
2833
2187
1378
515
4994
9340
4586
3182
2190
9390
3933
6076
4634
1574
8254
5110
1500
4244
2968
5531
5119
9931
7618
6842
9582
166
4893
7850
6180
1715
9405
2900
9703
9019
5393
3034
3199
3244
7738
3475
6425
7826
3847
934
1673
9821
2802
23
8208
1392
8056
6594
7873
4883
1398
561
4810
3530
529
6355
2180
2406
5068
4498
7897
6476
1612
8637
4539
16
1136
4474
4462
7945
1508
8978
6613
4798
8799
6172
6364
7832
1013
2069
6834
1346
8813
6823
9738
3532
3332
7661
8348
6712
9948
859
1187
9724
7275
3570
4774
8925
7021
7366
843
1453
7925
4454
4868
218
9442
9158
7993
1583
4062
227
3617
5198
6824
4009
700
5415
5685
4728
1395
5286
2178
7035
7614
5607
21
211
384
7729
1532
7558
1312
892
1205
910
1434
1308
6170
6232
2476
5923
2422
841
332
4943
3915
1255
6194
9201
137
7792
913
698
4933
3714
579
8297
1510
3340
6505
4218
1125
7814
5826
9387
9584
533
8002
7804
409
6722
9431
5421
8510
8102
8445
3154
4079
4461
8671
1774
568
7740
8555
445
497
6617
4744
2181
437
3415
6336
1640
252
9529
3543
7292
6534
6551
8435
6538
244
3809
7756
8959
1324
6792
4495
4581
6318
9798
5522
8681
9767
7619
4960
5786
7383
9936
2697
7029
125
2123
8229
9096
2867
6249
562
886
6427
7724
6491
1079
1616
9382
6521
869
8461
5958
6301
1112
7259
686
9615
4165
7915
2468
8217
7794
32
6118
6144
3035
5443
826
6976
1215
7693
767
3254
2995
5945
5306
3871
2750
292
3047
6452
6216
59
1222
9714
2467
2473
9708
5162
478
8494
637
2358
5720
4356
5432
6345
2149
7687
2703
594
773
2289
8630
2681
8615
1086
8819
8438
8432
2942
3705
7507
6875
1432
6019
1882
9301
7815
9923
1477
3686
9694
2049
2609
7611
1019
7699
1954
1424
6341
652
3540
5878
7941
3843
1669
3467
7330
6103
5108
35
22
7086
8657
1045
3396
443
5041
9782
8021
8677
5860
531
1012
952
1564
2450
7652
3854
6956
5419
9358
8067
8591
4067
8072
8617
1498
9470
368
3928
5546
7541
4977
2795
5516
5007
488
3707
1667
2872
2996
4845
8991
681
3624
5067
3804
3409
3131
4302
9000
9349
1860
9727
9534
1924
5303
6858
1598
6933
6639
2490
9017
9062
930
950
566
3180
8195
2440
2706
2254
327
2816
3955
2947
5817
9185
9838
4894
7379
1792
3558
9866
5279
7200
5486
2955
7863
3193
7215
9011
49
3544
7686
9686
299
9618
9189
8164
5678
3037
3191
1858
3307
8984
1985
475
297
838
8616
3273
9816
2634
6263
7457
6046
8028
3134
4029
1069
3764
4990
8376
2465
6219
7539
1747
6121
2088
9462
5564
7560
9952
8331
4381
6218
3555
6250
6536
4555
2312
9380
5691
1572
1336
4719
3649
8347
1656
2851
2006
3473
617
2255
1171
456
3956
2751
4908
7671
9678
9483
2024
7257
3750
2787
3713
2611
6646
8638
130
7659
6359
403
3059
8885
9461
5427
3958
6670
8985
5971
2551
9314
6038
86
1826
5308
9465
4012
9954
6849
6504
9283
6755
8110
8264
8875
8211
2627
5917
5367
8025
1590
7984
7561
3017
4171
5412
6221
3228
3631
5358
8235
5450
7
645
9241
4781
1697
6350
6721
7277
6050
4486
1605
9359
939
1714
5740
7169
8283
8869
7016
1837
9777
6079
4962
9052
200
5045
4611
5447
4074
1969
6907
9961
977
932
1121
1150
2588
3100
4155
7122
998
9408
3019
4892
2054
8529
7226
4615
7058
4373
6100
2992
6178
5190
5054
8404
5455
4175
8767
9870
5664
4661
3536
154
1666
7658
8931
6501
7165
4537
4981
1221
3433
373
9990
7483
2854
5201
5633
5069
5383
8704
8626
426
4538
4212
4792
801
948
9488
517
5433
8843
4579
65
3422
8130
2757
4285
3717
1338
3563
177
9623
9527
2636
6854
5091
3850
1973
3028
8765
1807
3539
3640
9572
9683
3093
5256
9108
3040
1980
1888
4459
3337
3758
3761
7704
4429
4545
9784
4714
8790
1470
8844
90
467
7587
8049
1999
5056
6365
881
9740
5085
4216
301
4049
7856
7493
5461
9484
9051
8631
5189
3605
8290
8471
3737
3889
7268
3349
2926
2535
5934
829
9699
4598
322
6500
4364
1864
7869
5488
1625
2279
2137
1185
4096
9991
5095
304
4803
1120
6075
1005
7291
271
4664
9227
2700
5610
6896
2562
6384
2380
7987
6668
6236
2901
3877
9249
8441
1228
8281
518
1793
7125
1350
7518
5457
1389
3245
8607
3225
2395
8516
7749
9514
2690
9250
627
1929
4822
3348
6615
7791
5292
8960
4016
6595
2211
1239
9890
6407
2361
3427
8147
7308
3384
3366
5830
5436
8426
7545
3329
3499
654
5659
1253
4575
9089
3364
2210
7272
3973
6385
4145
764
4274
1485
1414
8475
2826
6720
7473
7106
8043
3679
9774
7042
5330
1446
2621
1068
8226
5266
1570
4361
7645
4584
7010
5775
3822
3108
3729
4871
6736
4979
4060
7469
7581
6871
1600
7849
5105
6436
6280
6547
5390
8080
5785
7532
5368
7700
3363
9459
6260
1958
7910
6
5887
3426
7063
5277
5790
4797
8999
6323
9711
2730
4765
6991
8135
1423
6802
6094
9641
5298
1476
5921
924
2724
3073
3226
797
8157
1739
1397
28
649
2671
1680
9500
8691
1038
1314
6238
9303
1061
231
1938
10000
9074
8944
7834
6940
6899
2471
4051
9239
7914
7510
5179
1545
1271
8285
8503
4257
2227
8122
9214
4948
7966
4558
4194
8575
8115
2410
5641
5828
3526
4794
5778
8752
3673
6919
5267
5623
9010
5397
1328
2769
9935
8261
879
8803
4607
9846
4483
4749
5582
7145
8165
5648
2419
9252
5668
543
9924
2004
6486
1374
4206
4475
2368
3715
2151
5794
4071
2696
7911
6312
1431
9606
3051
8619
9131
6337
1224
9482
7030
6090
8647
5601
7889
2527
3698
5096
1421
6700
8172
7949
1872
4668
5640
2243
3608
6958
8225
1202
4897
6502
3043
9622
648
4124
8909
8091
1289
4027
9508
2664
5185
7626
2214
2012
8624
4622
1891
9339
4738
5984
7623
5363
2461
7748
3584
8258
4326
5125
3842
6303
2321
7952
9731
564
6051
4464
6290
946
8621
6272
274
2248
4104
9184
2409
9854
5123
602
7410
2550
7875
6001
6230
6847
5001
889
7151
8952
9260
1855
4350
926
8924
2812
1703
865
4293
1040
4755
9198
8552
2240
4017
4998
7048
2090
5199
6061
7848
965
5514
3357
1844
5901
4337
3787
611
5422
8568
8406
3524
2753
6177
4246
7397
5762
5954
1527
1366
2797
4991
7802
1791
6389
3626
2223
4200
6220
8787
8202
4918
2510
9865
1325
4746
1493
3032
3381
5360
7238
5073
4306
3388
1077
5593
7335
6998
8144
2511
3823
1337
4189
1060
2682
9810
3091
5378
1558
7389
2658
3022
7105
2800
9775
9863
8692
9454
9035
9989
8493
2249
5827
5576
3449
4131
4789
1818
3940
8052
5078
9315
6022
6920
8823
1207
9275
658
4484
6285
7123
77
722
18
7062
5215
8191
8390
2150
1718
8380
8060
4930
3339
3774
1310
2158
609
5061
3215
7150
1712
4519
4070
902
8489
8542
5588
3575
9832
5708
7968
8344
4264
379
2894
4150
8232
784
8240
1862
9999
115
3832
8345
605
3038
7571
6533
5019
8189
3695
4760
6386
2624
7613
498
3747
6652
5774
1797
46
7641
6922
9871
2318
7179
2875
6335
6450
8785
4766
56
708
3587
9196
8082
9268
5426
2707
4920
6251
7646
4855
1514
2166
350
3644
8323
3821
7793
3058
4161
2958
738
8540
1977
5288
2746
5978
9851
1468
1363
4243
1075
2984
9855
5058
3216
8357
8220
2685
3099
9857
2672
7606
8365
4033
4214
3712
3863
1387
8083
4284
6697
943
2096
2656
4389
1266
976
510
7939
8356
3508
5077
4088
2131
6515
3393
2960
6113
6711
3959
8273
5372
1601
8397
1678
3553
9012
286
1859
3986
6449
9237
4522
9180
9129
7855
5132
5896
3405
5717
7653
9212
9188
8499
5819
2378
1986
6413
4022
5870
2912
2245
4656
294
6870
1845
3668
7530
9345
53
4428
2791
3971
6324
7933
3485
8215
620
440
7386
5044
8815
5509
2295
5863
7870
4901
9545
1173
3368
898
6477
1918
321
3119
1267
4031
8069
3275
6997
8243
1426
7997
9435
234
9985
1008
1186
110
9147
5420
5057
567
8845
7017
2186
8611
4371
9367
3455
2095
7537
8973
5589
5953
6161
719
9065
6572
5227
7573
3635
9406
4230
8530
5456
4856
3287
2081
9713
724
8330
8782
5017
2501
9486
2915
9375
8551
5250
3006
4061
2536
6472
9374
5274
3500
5559
1516
4557
233
2485
8228
837
6641
30
894
8430
8221
6058
2265
6139
5065
2129
4670
8796
9824
2789
7651
2165
6677
8940
5837
1085
3398
4105
4919
6915
8318
2017
3408
3784
6390
472
7233
5850
1349
7989
3471
1105
969
3053
7019
4826
5801
1029
6738
3723
1430
4188
5467
6418
6577
9270
2384
1745
7818
2370
4398
4643
6895
8678
6645
4314
5385
2001
6175
2330
904
9167
6045
4783
1610
9543
4001
1177
4099
3658
5130
6931
7198
1015
454
1906
5293
4443
6848
9849
7568
571
3209
241
1615
4734
2272
1525
8398
6604
8554
6338
212
7249
7898
3987
5725
462
2970
6431
4764
2674
2099
5950
8324
5845
3246
6638
8809
1932
419
9729
408
3072
4492
8342
9107
7800
3560
542
8563
9055
8586
2356
2350
857
9148
3657
8075
5302
167
9253
5941
2720
3967
8151
272
3851
6199
8512
8467
2594
5666
2144
7205
6328
6467
3316
7425
6832
4087
5512
7000
3901
7697
7991
1585
3518
4651
8802
6052
8310
9894
5002
4331
9467
7452
1538
8214
4718
7416
8319
3290
7827
118
7730
9384
7201
6396
9583
6299
4966
7101
3480
520
7585
4891
9493
5281
7758
7844
696
1377
5493
4045
9365
9423
5780
6775
580
4849
2347
5985
7635
5243
1220
5300
83
2575
1064
2070
4791
9608
8679
508
429
337
6803
6411
8780
7229
393
5379
3728
878
7894
8546
5722
6605
613
798
6295
8084
3574
6391
2865
6892
2016
3222
4620
6039
8896
8500
615
4820
7100
2389
557
3945
7527
5571
4471
8068
5087
9644
6624
8661
8015
4397
1524
1066
9041
8132
697
5118
9213
2881
7636
1445
9962
2589
4942
1024
1001
6416
6329
3724
4195
1023
5224
6927
61
726
6006
8736
3573
3636
2120
3951
4057
6388
2959
1459
4799
7773
7392
7806
8778
4959
1776
2521
9696
5258
2143
7878
8389
4997
2134
3627
9605
8587
8992
4606
7390
6293
340
1100
8383
5652
4627
3586
3023
4179
4277
9722
9557
4647
4583
4532
2087
8741
8727
9820
8088
5916
2102
5209
982
5756
737
4440
248
3721
9109
9718
3983
7212
2755
5124
5033
4523
9726
917
7388
1536
4458
1123
5881
4424
3333
4677
815
6951
4141
178
9973
5617
5221
7595
2322
8614
7935
6787
8560
8134
7836
8137
3827
9444
8047
8206
9982
5449
9473
2967
9997
1853
7803
7093
6566
6531
9651
3361
5480
2933
775
407
4380
8440
253
8066
979
8697
1151
3202
8155
155
1664
653
3042
6541
6587
9698
5528
5351
5326
6073
4841
9933
8781
7514
1655
914
6008
1695
512
1706
4176
873
6458
7282
530
1115
9987
9828
5620
3507
2
6070
2400
1247
3878
1369
5216
1353
3016
5115
5396
6799
3692
187
7006
6088
9445
2771
156
3413
4367
4228
8987
9607
385
947
4491
6356
6525
2310
2884
3936
6825
9372
5238
5059
3309
8528
7526
5594
6718
3271
1551
4470
7305
2811
8662
7400
6173
9626
7835
4787
2508
8851
3420
5578
5777
895
1994
7199
3020
9453
9617
9480
8754
7276
226
1512
7426
2267
9348
7902
6764
8942
2712
2000
6675
7953
7060
2067
5481
7967
2048
7349
8131
9466
7031
1153
1840
1805
3671
872
6528
3194
6990
4097
3448
6393
8964
1259
8422
314
9590
3395
9337
1478
479
7124
2386
5492
9733
2762
4352
6611
205
3374
1781
8279
1331
8674
575
8773
7534
2173
6843
1568
4553
9194
8604
5925
6695
1648
9258
7572
5908
3691
1613
5490
2651
6994
6343
8804
7682
9570
5949
3069
8913
8468
8022
268
1794
664
1917
603
7708
3092
490
9911
7796
5562
1900
98
1380
4691
5407
5643
4103
4063
828
6878
1326
5883
4338
5263
4066
6066
752
4840
8128
1329
8889
1731
2290
1677
5331
8970
7322
2446
8473
2895
6401
6192
6714
7846
5730
1753
8280
9028
6852
5566
8534
1569
4286
8514
6798
751
5539
8561
1135
6518
2287
8938
2335
6154
1457
5128
1283
7458
7185
7655
8894
1788
8908
8751
4874
641
7143
9235
2065
2404
3084
7996
9428
7588
2694
1268
5151
6747
1604
256
2110
4687
3633
8518
8153
7333
8351
7231
866
7489
956
6543
6942
6769
1
2268
6267
5102
4321
8395
2832
5739
8485
8433
6586
9401
3338
5800
540
281
7726
3421
42
5377
7149
9336
3137
633
484
3794
4802
630
9233
380
6649
5857
6756
424
2596
1129
796
9664
9364
3669
8255
4136
1148
3598
9224
6568
7975
8980
9819
8541
3328
8598
1027
4996
5848
9093
8519
963
3549
5066
3218
2924
7234
6137
6636
2216
1641
2516
6850
9143
5615
2171
9202
2291
1567
4469
2500
3925
9007
3027
9581
1658
4290
3751
1611
1425
8836
6625
9852
6042
5106
9479
5261
7260
4699
8511
6023
7769
9877
8505
7868
1249
126
3542
5116
4955
1998
3979
3280
8053
1972
9560
4451
398
8188
6412
551
6155
464
2009
1624
2478
6765
2078
3566
1626
3197
283
7293
5876
5307
9621
5013
7654
7088
3948
3380
6807
1101
3592
1037
6631
460
1517
7879
7895
5586
8971
8350
4674
9588
2597
3164
3294
957
5402
6499
8835
4168
9334
6517
251
6163
5753
4008
3407
5502
4021
2177
7506
6908
8709
6424
3552
7644
9119
9415
347
2344
4317
3148
1025
7943
9083
5879
2355
4932
6733
5638
4740
5742
631
4953
1541
7138
8156
7034
207
5803
8579
399
9244
4708
8168
1552
2505
8142
2792
5223
1297
2220
9882
1384
8515
680
5494
4927
2619
3170
5121
97
2300
2499
951
9265
6136
2961
2581
9251
5080
6988
1021
1937
1441
2412
9106
6523
7441
8101
535
3004
4937
9567
3302
7927
4414
2848
6265
4591
8381
4117
4178
7450
7351
3390
1462
9024
596
8508
3800
9919
4297
8566
8928
7477
6800
6946
6926
4162
204
1652
9719
4258
6041
8705
6739
386
3895
8660
4757
6031
8635
2659
8916
759
772
7166
3176
3732
9988
146
7500
4548
3488
3320
6014
7261
2878
6776
8481
8253
5301
5662
1619
7445
8114
7339
9171
9913
2711
4490
5797
4546
8421
4605
3978
905
3709
9243
3996
4550
8182
2978
1759
285
6206
5088
8655
5030
6455
4750
8939
1988
1789
51
7482
482
6932
5768
6801
2932
3874
7258
769
7637
8304
6546
6176
2487
8578
4376
5829
3145
5111
2839
6782
5851
3839
2756
6885
2920
3883
7133
1216
1199
2013
6673
3638
6542
4143
7008
7809
8606
634
9869
1580
3551
5585
507
3030
1052
5618
6496
4524
9858
2334
7812
3192
6753
3849
9730
2834
6881
1016
4015
1090
9908
3805
5452
968
3007
9892
5609
1394
2035
3140
9409
4191
592
495
6374
7399
8853
4751
2582
1006
5989
6473
8495
2629
4599
1683
9018
6630
8520
5771
9418
9304
3922
4412
81
346
2161
5675
5040
2805
7285
7202
8975
999
1953
173
4567
8459
9662
9013
8001
5321
6333
9647
8185
4346
5635
7813
2667
3667
6064
5948
832
3418
8386
1469
1010
8933
5636
9575
2200
6212
5109
9211
8077
95
7974
2773
8353
143
6691
7576
4854
6443
3235
8453
5182
4865
9333
348
3179
5693
6689
636
3578
8412
2543
1242
2360
1140
9671
2654
4217
4395
3844
4969
394
2393
960
5000
929
3637
3138
7027
8359
6084
4023
1563
5147
6820
3136
527
1399
2198
5864
9369
1279
6241
5575
5219
9817
9598
8827
6167
8490
1649
1922
7032
9814
3107
2229
4772
6489
7299
3759
3726
5290
2742
9693
7496
2548
4887
5746
5431
813
8608
4053
5240
6674
8126
6762
5138
4653
2859
1188
839
9146
8210
2540
5852
2264
9752
9069
5930
546
9395
6190
4508
6034
2433
5333
2583
9505
6196
3196
5202
7882
9709
6040
6346
4418
4130
2429
6656
3397
3760
5462
8484
2076
310
6794
954
7999
9879
3748
4119
8312
8634
3661
7580
4102
6808
4479
3567
870
1711
7131
8369
677
6086
4864
39
365
7436
9008
851
4934
1098
8361
3908
7377
7556
3241
2844
5076
8394
9748
3116
5940
1165
4073
8160
4666
5212
1879
6576
4852
7501
9654
1056
3852
8680
6905
6924
8171
7965
4164
5034
9736
6506
2993
4733
9231
6992
8017
590
5283
9080
1871
8161
3954
8864
8672
64
7722
9963
4592
992
1674
5994
1654
8424
7956
5299
2939
6380
2077
2059
3205
3066
8867
2917
5781
4456
8716
6433
6383
5272
1160
6373
4732
9034
6564
4369
7474
8004
4419
8622
1646
7969
1651
559
8685
7622
8832
4115
788
3957
8334
3414
9888
7427
4296
3731
1155
3819
2325
8237
4170
7627
2168
5637
822
4778
20
9179
7764
7089
616
2489
4249
5905
4695
1848
4167
618
9124
9794
5885
4372
2382
2546
2176
1629
725
280
8020
4623
6130
5418
8405
1438
5242
7712
1547
9503
4995
9862
7714
5354
8783
834
9807
3298
9541
4477
2315
9528
2414
6614
7874
7449
9779
6751
7597
5287
9446
920
7213
4717
1755
6730
9295
4907
9417
6783
1661
7324
463
5023
4895
8205
3281
7797
6513
6527
1773
3358
3036
6666
5181
597
2010
9386
6619
9246
2170
9601
6150
5676
5903
6914
7207
4106
339
3997
7250
3417
5758
2470
7197
2728
4938
259
382
264
2983
2726
5388
1964
4109
7498
4658
9561
1783
9965
345
1839
6773
6685
2239
9449
4515
2317
8627
7302
5113
5552
6539
7546
1967
9953
7979
532
7363
4552
8547
2772
3089
986
2117
8057
8328
1487
6013
9843
8582
1452
5184
8423
2639
4439
4094
9758
5441
7147
6642
4311
7883
5320
1251
6339
4166
2701
6240
4703
3561
3355
1182
8979
3314
3012
7064
2853
9850
1410
6698
9361
4300
2930
6930
2118
1313
7692
5749
1960
671
3700
9319
7448
8296
7243
1534
5210
2475
1451
9649
9628
6409
7194
7896
8523
5933
5163
1721
9376
6270
8840
3942
9898
6945
6699
3495
2650
8384
114
2953
7431
3694
765
7961
3039
2407
4890
7160
2303
3762
7429
4159
4913
9707
5285
2436
3690
7341
7521
6952
4993
5599
2657
6402
7509
2748
9637
7370
6814
8146
8914
1286
5357
1471
3376
5413
3597
8632
4050
2813
9299
3572
169
229
5247
8437
1768
2938
1890
2509
4914
3802
7810
5783
9737
4940
8548
3062
6048
7643
447
9881
1892
6377
1218
1092
5547
5152
9669
862
4453
9523
4401
2039
4739
4636
73
3620
5039
4324
2266
4360
6672
8159
1138
8200
7852
8828
4093
3550
7332
3033
4275
4433
4237
1191
7632
774
3963
5868
4345
1204
4518
2398
7177
3960
439
6208
2966
8492
1895
1236
2922
8138
5526
3803
6366
6647
8177
1723
5386
3995
2029
3919
2599
525
5813
2608
6866
2011
1978
147
3609
458
9078
260
7056
7373
7981
3962
5473
1176
2225
9940
955
8651
6298
3018
7765
6211
417
7362
560
4986
7398
8722
5496
8013
5702
9895
1841
5174
7564
5626
6310
2633
3585
2759
1799
487
7788
1786
2994
4660
5538
9075
9020
1299
3465
3629
2271
9873
1650
9642
5535
4683
8822
4366
6119
747
8946
7146
303
6191
8805
8257
5983
3482
1435
7845
2586
1529
1942
2553
9005
4182
6610
2320
1433
5233
9690
7621
2777
3677
5042
8233
7467
7345
9875
8838
4644
6622
3589
835
8391
2554
3076
7494
845
9744
8277
9553
9491
742
4896
9565
4250
5974
3450
2899
7853
8410
5631
5669
1168
5064
9551
5918
3044
3927
9070
3412
1957
9969
8729
584
2979
823
3260
4921
3683
7412
7480
7287
9956
642
651
7168
2060
4925
3528
8042
9612
3232
4278
5812
7781
4431
3766
1436
6996
7465
3005
1458
4229
3438
9451
8372
1282
8209
7181
1184
6111
82
8016
4988
338
5440
5579
554
1758
5561
7942
2421
1159
8746
7371
5553
6446
4211
9630
8855
4847
7077
9672
1198
1941
5231
3702
2326
5963
5642
5211
7317
4295
5101
3944
2299
2466
2956
8870
8539
6682
6508
2275
799
5938
1391
2359
55
549
8050
336
6640
1262
6044
113
3966
5097
8448
6065
422
4673
733
8841
4589
3031
8078
9975
4363
4247
2142
7343
5177
5835
7099
1842
2285
372
4813
2324
8846
5858
1460
4192
3156
3840
9797
5960
364
2952
1504
5731
7157
4463
2434
8693
3487
3643
4082
8583
5126
7471
5104
8957
9684
5505
9396
2388
2195
1243
9813
8204
3369
6937
6742
3009
3483
12
6435
2342
7540
6694
7583
2286
6307
4762
4954
140
3881
7503
3793
2623
4122
2182
7336
9086
10
6284
7557
5657
1048
3892
3663
6644
6563
7801
7552
9015
1565
4817
2566
5980
2593
800
7604
160
1335
850
9681
3163
3086
9596
316
9585
3359
4811
4640
9191
962
2444
3224
6047
7929
1264
106
9970
4108
3548
1116
3101
8573
2237
2441
7754
2348
1195
7578
6812
6793
3057
1965
4240
2364
4205
7736
548
6690
961
1073
6553
100
60
9352
4785
661
6462
6978
4534
9872
1881
6024
5802
6813
1520
9312
1042
3580
3522
6400
4101
4705
3132
9210
9296
3835
7013
761
7608
1990
9206
8989
5369
8105
9135
7843
1591
5510
2989
9092
5871
5025
7691
5336
3533
7451
6296
1762
7012
9023
9082
3451
8300
4951
7121
1912
1323
7866
7294
3456
1995
5466
3126
6680
9104
734
278
9504
9899
5663
1618
4496
2537
3217
3211
6873
1746
8956
749
176
7315
5365
9920
9407
161
1522
9929
9597
552
7920
3783
7695
2208
8270
3097
9193
2616
7779
2936
1543
7776
8918
5340
1167
1065
1089
9938
8307
2571
2677
9692
3964
2604
7456
3185
3666
9207
7137
9955
8407
9834
6741
805
9215
4745
5726
2928
6974
8842
9267
26
2670
2692
3068
3498
6253
1137
9735
6863
7777
3041
1686
2366
175
7592
4177
5836
1589
3169
5719
2183
2662
1846
7660
3325
8732
9580
9521
1685
2914
58
341
4330
6912
5818
2337
1934
9402
2902
4388
6408
808
1340
1141
8175
7219
9837
6184
1179
3513
476
8887
3602
728
9741
3977
981
2863
5999
3186
8766
5755
1586
4328
1602
6210
2747
7178
9492
6633
7603
3088
3556
8123
5347
4756
8192
4975
4497
1475
5355
6017
7763
8958
6465
1930
7840
8737
5997
170
1357
9154
9448
6687
5608
2435
8071
8786
2515
7891
5317
4064
4884
4041
7976
5356
2043
2101
1104
8278
7531
2823
5683
4231
1976
1483
3323
9379
359
1119
7549
817
5961
7899
8570
7508
4480
446
7900
4180
4032
8418
3769
468
1675
1537
6855
1576
5262
2212
1359
5273
4735
8434
6707
9903
8725
1956
4637
334
5471
2741
8743
1291
3377
4748
8019
9377
9539
6207
9404
5164
544
5380
7040
6153
1919
9634
2336
2857
1106
2522
2381
705
7365
8974
1407
6526
6735
6702
3885
4612
717
2073
5846
4139
9422
3491
1926
9447
9992
3906
7630
5735
2457
6809
8030
8831
4572
3811
6743
6817
6713
5583
3565
8596
6804
781
5417
2482
7977
1393
9900
8860
1277
6696
9073
5006
8871
4698
500
9845
4273
6584
62
5843
2779
3110
2091
1304
4659
6950
7805
988
9290
5789
4814
9701
3899
6451
7210
4198
6986
4689
5592
3238
3301
8374
3651
4038
8969
7011
9974
2349
9768
1699
6004
6422
3177
5886
5364
6120
820
7070
9116
1467
5784
7248
1272
7936
1597
3796
8699
6949
7696
1865
2425
2579
8694
5573
5424
9100
3606
1732
1905
9381
7387
9602
1559
993
4879
5677
2666
4723
7065
7289
5049
9332
2454
5793
8158
1479
9885
8046
8668
7378
1070
9586
4547
928
7175
188
4652
5787
9153
24
6507
7432
4619
3354
7839
7684
8525
4987
5926
853
5809
7344
1076
4806
1241
6243
3496
9980
3675
4147
6938
3900
6122
5370
521
8656
6276
7003
4030
9691
6822
1072
6589
5234
8807
305
8834
6203
4351
3988
1800
4445
183
7616
7288
8219
5798
4731
5352
7831
7734
1134
9140
9472
1763
3716
1992
1082
7204
4873
5495
9822
5154
1099
1870
7182
8639
5558
9142
6454
5470
8961
3276
8033
7950
9175
4253
754
8425
2141
3002
8081
88
5373
9057
2542
2991
1041
9665
6524
1339
7668
8339
2684
2913
1003
2734
4754
9455
3279
8983
1051
6909
9410
2669
3178
8687
6131
840
918
9223
6311
3583
9563
5453
7761
8863
3470
4488
3286
7286
5982
5733
8762
139
983
7188
4313
4354
3201
127
7918
9282
9921
1071
6826
5705
9791
214
9048
9609
819
7980
4238
9245
3778
7766
2222
3846
7435
2916
9195
6815
2034
453
1248
9456
6962
1146
7919
858
6209
2418
9604
5745
3484
162
6149
3591
7342
9511
4287
7159
9983
2298
5543
6797
2244
3722
7672
6029
9883
7786
4472
5891
3893
900
5434
1991
1144
9229
4142
1790
5487
4312
6165
7864
9313
6659
1874
8149
3423
9949
291
2385
8167
4769
2850
7504
8472
4095
7715
9631
3096
2603
1521
7242
9030
8245
2480
1861
4649
9896
7778
3610
8447
6205
5031
3985
1261
4701
5686
5991
8858
6964
4215
6164
8184
7232
6957
3497
4120
4478
8094
8968
6678
5995
6969
6593
4561
6581
5909
4983
2233
7547
1269
3753
1546
3614
8358
2130
1455
6432
3688
949
9328
5194
5391
1519
5086
506
3514
5931
4530
5996
6140
4956
8543
6760
8401
9803
7723
1484
8682
3813
2784
1109
9105
8027
516
2908
5009
1875
1868
970
6309
6442
7331
4737
9670
8921
4916
3706
4790
8774
6657
1981
1055
4476
5339
8986
1245
2935
9298
6478
5639
9566
6692
3645
4223
2377
377
1054
2204
1737
7620
5951
8183
4135
5408
7420
875
2235
9263
7303
7559
1375
4824
8163
7871
5236
7978
2710
4282
9002
5072
4603
7986
8259
6271
6859
6174
1494
4727
93
1156
3013
9289
6126
5315
1822
5075
6319
4853
3867
7384
6953
6929
7795
6574
8688
2104
1931
9526
4753
4007
1406
7906
2564
7135
4707
1287
4721
9765
2788
2027
833
3045
7485
4467
6492
1970
3884
413
1302
3150
3879
4713
2423
4043
7536
2432
7601
3662
5920
3571
8895
5959
541
5255
6231
643
4597
4334
2430
8343
1968
4941
3261
682
3121
8900
5799
3510
1787
7858
3541
8771
279
9225
7973
5600
8271
2818
2160
4090
8642
3664
5580
1490
4006
9427
727
8659
6766
3267
1293
4889
5840
7913
6091
757
5166
536
3866
2904
3599
5309
5764
9676
9976
9441
87
5504
4602
2725
1294
2625
6028
1386
3930
7828
3452
7409
5489
6979
7819
5649
2464
2882
2891
4355
1080
3921
5016
4011
9399
8119
3801
1096
4839
2735
8962
3869
2280
7746
3453
6662
1894
8718
2617
8768
1017
7174
2506
2660
5732
9757
3704
5944
2733
4850
9403
8179
4040
3466
2661
9040
8247
5612
7711
6105
5137
5318
5696
1728
4706
7380
7241
4554
3462
5729
75
854
6900
3619
6043
5988
5560
4245
9966
880
2632
2587
6767
7491
3989
2555
270
9173
8816
7085
8580
1838
8308
669
7590
1873
5074
1690
8899
9926
9178
9947
3277
43
1943
4829
7422
142
7454
121
8098
2189
1107
6256
7750
8581
3195
5228
7992
3910
6188
4800
6123
1429
7206
325
1365
7346
7196
7499
7767
494
2018
2197
668
66
9098
4208
7355
3860
9022
9168
7821
8633
7023
4535
2194
7861
5246
1352
8031
6032
9169
3918
2890
1050
923
7586
1367
4068
830
6182
4882
8686
7599
7602
9182
3234
1761
3864
5081
1614
2296
5673
9916
4408
185
6884
7816
1772
400
9853
2998
9234
395
7269
6916
2417
6948
452
503
3168
2100
221
4437
3080
8006
4540
255
9657
4761
9330
9487
8450
8269
5359
7548
2205
14
1556
5048
3250
1647
6989
9579
3015
6827
184
7857
5196
3545
6838
7192
1053
7321
7114
5092
6157
2793
7009
6059
9433
9059
9120
3346
1843
1166
577
3776
5866
4427
1473
6719
5032
213
70
8953
8536
6081
7005
356
9276
7888
5737
135
4254
2559
7057
2282
4116
2026
6382
4725
1642
404
6234
7325
4465
5630
2717
4972
6466
5414
319
5698
836
1509
9136
2116
9061
3611
5616
6274
9341
3862
647
4978
6963
7513
9789
6305
1813
711
9138
9687
2427
748
8249
416
2003
8107
2945
8246
7937
9424
666
1225
1562
3814
1639
2549
1318
3067
3206
4
9394
5498
6752
4187
6237
3259
8720
5697
3115
6275
3048
1175
4322
4481
9163
7463
2631
925
3786
2338
2045
744
8567
9732
7694
8601
6558
5084
6331
9115
1274
9331
2649
3791
5884
4036
6239
703
5614
104
2459
9912
8100
688
8041
9302
5853
5537
4710
3123
5763
8788
7295
9755
7092
1482
7657
8284
1911
2153
1059
3581
3949
9123
586
9661
5362
9230
2288
2976
8322
7055
3961
6369
6000
2889
5577
9625
6300
3050
7129
6302
4210
7951
2680
8854
606
3894
6168
52
1097
3703
3641
4528
2448
1628
8373
433
2531
210
8337
1074
8652
8609
5776
2831
9271
7675
6867
1535
3268
3559
7237
9113
5654
9132
1909
9595
1257
6321
5136
9081
2883
9804
811
224
4417
3818
8431
513
687
1630
709
7155
8181
2698
572
3735
9121
1417
3306
8760
4316
550
4448
8769
208
1301
7439
5952
3873
1078
3392
7905
6708
7328
4702
8186
3372
8314
3400
5270
5140
3144
9174
1416
7676
2642
1402
1587
2474
2852
8309
4906
6483
1415
7406
2157
3065
8629
9673
7772
6522
9383
8997
9967
4982
5671
4801
7759
5889
5824
1281
2944
6403
8806
8744
8733
4399
1405
5448
9751
2532
2721
7948
2923
610
5204
2126
5012
7683
3319
9739
4976
7440
8085
4344
9218
7320
7309
4391
5245
1518
9474
7045
6684
6259
63
8316
2663
9278
2836
3203
1993
6784
4556
1449
935
7908
1812
7582
7479
628
5195
5900
4100
4905
6223
6774
8755
4957
5464
9084
4542
7036
1081
2213
8654
4502
2128
3845
8444
7884
2413
3516
7903
6856
9497
438
619
3011
8010
1095
8251
5710
7649
9799
4669
122
7865
2224
4332
1560
8812
2948
1849
4263
8382
599
3903
7228
3736
7038
7739
2415
4743
263
7446
7090
638
2159
3410
9216
2372
5831
1829
9519
3564
7663
2053
3806
3257
7026
4501
3208
5584
8275
4054
5381
2345
1548
6247
4329
4342
391
4965
2019
8675
3797
5484
9294
7214
2405
8498
9264
7735
5304
2163
827
604
4614
2057
1885
971
7963
4382
7113
4291
2497
2552
133
9653
4726
1355
2133
755
1254
6258
5823
190
2560
7886
6498
707
8825
9939
6882
7705
5723
2278
2230
7516
1212
3389
6535
9323
3347
3373
8026
7720
4958
2273
9499
9414
9204
8706
3460
245
8417
3229
848
1622
4985
3083
3896
1039
2191
6248
9412
5338
6575
7901
6381
5155
5820
795
6540
7472
9540
4935
2274
4507
1767
1030
4196
3785
3676
6781
1499
9971
4358
5015
4112
2817
4516
6893
8045
511
691
4866
1181
9859
3771
876
7046
2092
6667
2723
3968
5821
2341
2232
3219
376
5251
3056
883
2841
1332
4272
7222
2847
2780
4945
8009
591
3157
8747
8748
6844
1011
5915
3113
1230
907
223
246
1577
8847
1631
3886
7854
3311
230
5099
6737
428
5478
3767
415
9205
4153
2098
1916
5972
7385
5071
8658
2169
1108
7774
5658
8770
3546
5089
3604
2652
7538
2353
323
623
9397
1342
9516
6579
4551
5103
5316
1708
3792
6415
1513
89
7104
9259
4747
2253
4593
3335
4415
91
6279
1143
5656
9495
3469
8224
4709
2990
3087
2876
762
8602
3502
9481
3557
2612
2257
9629
1420
7103
2778
6348
5727
4368
8352
1480
7543
2329
9645
7461
1947
8829
2085
7959
9097
7251
2188
8108
8194
9945
4410
4570
5792
1889
7102
287
4770
7709
4156
6514
662
8653
3439
6143
6428
7082
7394
3173
9951
2420
4565
3858
284
6306
9318
8267
6520
5135
2630
3312
4569
6727
937
6292
639
9790
6600
94
8531
2927
9222
6005
7367
660
7098
6819
7755
5986
7290
906
6512
9576
6379
6252
192
2519
5957
9950
2644
1946
2544
7596
8584
8282
1409
3240
8644
2584
6464
9856
3479
9517
8730
5430
9355
9478
5716
8199
6268
8857
3601
6244
2689
4298
9591
1183
8463
558
4870
2749
2167
1309
1707
8349
4233
6734
6918
7280
6159
5392
8454
5497
3289
8335
3834
9476
9535
132
750
3501
8883
4035
7459
1798
4568
3375
8136
5875
683
2246
4616
5442
7372
4805
8040
31
6069
2837
3264
9743
8756
1058
2828
4858
9254
5244
794
7634
2999
3934
5269
5295
8972
1403
7186
6635
760
3531
44
5515
2109
2351
7880
2715
741
265
1147
4939
7628
3152
9101
3492
7958
5767
7130
6334
2620
7476
7217
8169
6810
5
412
2949
7118
6648
9968
2946
4816
4736
1124
4648
6879
5904
6222
4885
6709
9695
1063
5690
1944
702
6592
8190
3812
4125
3931
315
9039
9277
6845
3882
4339
5289
825
7631
3378
6975
3029
9636
7842
3898
5816
919
2637
2982
655
6426
7209
9808
8649
9122
8612
2523
8289
2283
6145
1765
4423
8713
5894
5869
3593
5325
1899
1530
4617
9388
6394
3632
4650
1307
3399
656
9001
8038
4559
4992
8336
4405
3447
3474
9977
3379
9071
984
1606
9209
5932
2277
2294
8230
995
4999
8588
3174
9162
8731
4110
1232
8363
2796
777
5990
8173
1554
4173
5235
4028
6596
7195
2390
2760
6082
5112
9305
3189
2679
5035
4160
8476
5796
7184
7706
7148
3
1539
9689
7867
3656
7947
3071
8112
3227
896
2354
9710
1698
2447
8734
7522
116
7594
6325
6098
7438
9443
1835
8926
6987
9031
6488
2790
626
4441
9439
4154
7771
1035
7020
7337
7108
3795
3535
5672
367
3046
778
5098
3652
2643
4037
5530
1722
1362
9660
431
4056
4638
3310
6828
5232
7263
7877
2820
2925
1700
2830
7752
1418
1390
1927
3283
6740
2309
4544
4265
9927
7073
7624
1320
7904
1533
4608
4967
3953
3494
8320
4804
5968
2766
3255
1830
9056
141
8012
7733
5563
4665
6264
1595
7640
9420
4251
6886
9941
4604
3725
2392
1091
5038
2365
1501
343
7674
3285
5159
5133
117
2401
5556
7876
461
2105
2614
232
5684
903
8881
8837
3887
861
5458
5207
4048
7306
9918
814
1820
1836
7358
2032
6573
522
2135
9170
6665
578
9880
2590
5521
9772
5305
4533
4222
5334
9705
4327
9099
8698
5861
8241
8569
7488
7995
3334
4531
1750
4577
3207
4494
1896
6060
632
6582
5193
2929
573
4128
6965
8166
308
2758
5284
2971
2786
701
884
3701
3833
1461
3054
588
2103
4633
6556
1028
8559
730
598
331
6811
8477
8099
5257
434
47
6891
6999
2981
1373
1588
203
7790
4872
9042
2203
912
2136
7059
7437
6262
4711
8893
9398
3445
254
4260
2488
5895
2693
6327
2021
7112
1887
3596
6621
1682
3994
6795
2064
3428
3258
9125
1670
2201
8761
4183
608
1083
2125
6372
1265
3672
2580
2082
3607
5674
4018
4098
1210
7375
8775
3159
8367
3052
242
1913
938
545
7662
787
8798
1044
8749
3653
298
4641
5772
5605
9762
1211
8265
5043
3529
9155
2209
6941
6947
9909
5604
4004
3326
4270
5632
1752
667
8121
4679
6133
1659
9
4833
9038
6362
290
145
3161
4235
3167
4377
7799
3946
1379
9284
3708
7274
7300
3278
706
7402
7061
8378
4226
5688
8947
153
342
4928
916
3231
4663
5313
953
96
4686
9421
219
7916
8399
5178
4729
2525
6968
763
802
8117
3299
4862
789
6628
7109
3411
8377
7780
901
9389
5770
6790
7717
6710
9800
6470
236
4504
5451
2075
770
449
4655
7555
8667
7872
1296
3926
455
3773
4499
6591
2877
9979
7024
1566
7423
2371
8936
3403
4526
2445
2339
7742
9700
164
2114
3902
5314
8227
2357
6007
2449
8236
9914
4394
7353
8589
790
8462
9781
6786
8929
1632
504
3472
3634
9778
2408
8403
6074
3165
7158
5804
6865
2592
8793
2803
699
8076
5264
5581
4473
7512
5969
9569
9510
9675
9186
3362
5366
5149
7054
6560
5748
480
5499
8212
2226
6226
2252
7817
2196
79
1851
9437
9141
8945
8513
149
7193
6749
4304
1443
3272
1371
6087
6115
2292
6627
9785
4624
9542
9972
5541
8061
6637
1396
2868
1503
5297
1952
355
5976
6354
5706
217
8684
4044
3825
8294
1330
589
2910
7116
9826
3757
1959
4878
8449
1327
5998
7617
1240
2097
9704
2094
2565
539
9788
9509
7718
9902
7982
9835
6342
8286
1004
3699
3920
7757
3114
6658
7254
1578
7727
4600
2493
7091
1284
8315
4387
7487
6516
3330
8093
2954
3674
29
8051
6732
9749
5477
9887
3999
978
1154
397
5902
4926
7139
731
9761
6768
6853
818
138
9552
2683
1227
4984
7374
3431
1400
3623
5062
6156
2824
5037
7376
1608
2185
8464
2369
4432
7562
6108
9137
9801
7768
4680
9668
1219
5712
2743
1442
9986
2906
3446
2892
8590
4888
4596
6669
5956
8402
8414
585
4973
9077
7609
3742
5206
2635
2613
4446
195
353
1031
7484
6003
2403
3836
8759
5964
2567
8906
7266
2861
8203
6475
2002
4271
9064
9677
4654
9471
1742
9363
5714
7444
7707
9833
5294
158
266
9494
1351
4909
4678
4202
2352
9666
2879
2443
6358
2479
9192
8152
8794
5545
7544
4455
2331
9063
3459
2276
4065
4083
7486
7245
9638
423
5046
7453
3746
2147
2887
6970
5399
945
7713
600
3618
4773
6880
5711
8738
7822
4133
4742
9942
6147
7164
5570
7577
3370
5979
8086
803
4910
181
502
3353
2974
4834
1200
1989
7418
809
5157
7807
243
4684
2072
5782
4261
3693
1437
9773
1020
163
6138
1880
8451
8097
519
7837
7407
3859
9922
9094
7382
3162
9587
6037
8941
9616
6583
2814
8496
4503
5346
6351
5906
5145
8429
4585
8976
4851
273
2873
197
3798
6169
6027
7244
6430
5738
1777
1581
8728
9350
1427
7466
6371
650
2858
692
3049
6072
238
4163
2909
7495
3094
257
1617
330
9723
4767
6688
2015
4379
6213
9026
7598
8396
5910
2668
1623
625
1233
6777
6357
2591
3248
5542
7811
8262
991
2843
5942
9440
4085
3998
1810
9745
9297
1142
8393
7183
3890
4430
8024
990
4283
3923
8092
8527
7074
2513
8005
5010
8239
856
6152
685
6480
3912
1496
5160
5404
8032
994
6315
1290
1827
7015
3615
1710
9889
2964
8577
1592
2040
6035
2396
1412
1644
107
4821
5947
6134
3752
6570
3537
3582
5751
9554
1713
8742
2503
2520
450
5265
4024
7076
1213
6779
131
6705
2140
4413
3129
5511
8739
2985
2686
6132
5341
8993
2397
8460
7785
4266
4712
4922
485
3909
193
6304
6002
3304
2305
8446
8201
6537
2573
9812
7357
4629
871
5551
7004
6405
3520
6308
134
2547
8292
3081
6816
1743
5468
6053
8089
6049
4340
9771
3266
4521
5628
1663
1645
3221
492
9324
7923
831
5670
6423
1465
4299
684
3577
2722
6571
1884
2699
8779
8723
2132
9286
4835
471
8911
4578
4690
389
8054
9219
927
5660
8116
5815
4003
8610
5337
5893
2781
5590
3646
9614
8856
6128
5517
1305
4506
7633
5993
33
9134
7153
6910
7789
8549
7685
7256
7095
8466
782
2871
6289
6392
3351
2477
2648
3875
746
3454
2607
2121
6548
9815
7922
6984
5872
7419
2399
9046
9236
3639
4353
1295
4426
4692
4795
1492
2451
7851
5225
296
6453
6511
3055
2738
7002
6862
3727
8154
3935
5523
9362
8897
7955
9317
9003
1149
9368
8008
1358
2585
5603
3432
9353
9426
8951
1963
4425
8690
1515
8998
8890
4724
1987
3576
9036
2030
5483
8797
4573
729
2155
9827
8197
6320
9836
2716
9327
7094
1709
7298
1422
8129
3122
5460
7862
1440
7917
6101
5131
8820
2752
2840
5268
6378
9452
3382
8994
3085
5936
6291
189
4259
4383
5425
2139
816
1174
5389
414
3904
1196
9311
317
8795
1528
6375
85
5500
7887
2870
3105
2481
2175
9281
1901
5029
3975
4132
201
1796
8917
622
8572
8625
6612
7340
3969
2864
8811
6015
3505
855
9559
847
6277
909
1311
582
9413
6078
5597
5127
3680
9537
1596
4390
8127
6967
1955
6469
9648
5898
974
6818
7071
899
4768
8545
5808
1464
8772
4520
3010
1806
228
4460
4571
4234
6943
5094
9045
6746
333
5220
964
7271
2251
6439
9351
9343
1408
3992
2453
3950
3402
4645
5862
8995
8287
570
4091
8260
9518
5525
849
2219
6421
4359
3749
5534
6437
3155
5747
6529
8196
5832
1152
5405
4819
745
8035
679
2869
2455
6266
3506
3435
4877
3352
3681
534
8532
8907
9200
7140
1809
2702
5519
3848
1161
2346
6404
897
1189
2504
5833
2595
4114
5169
8599
5319
5838
1771
4276
7428
3914
743
4642
8452
8522
7798
2025
9152
6754
1126
1883
9438
2729
8070
5550
8565
6033
4489
6068
5278
5205
5350
3670
5703
4846
6273
8646
2093
105
3917
7579
7066
5540
2215
168
209
9450
6099
5361
6102
1814
76
9897
2896
8291
258
3317
3612
7361
3982
2675
4438
1751
6839
6805
7411
3937
5661
1502
8096
5161
2665
6397
4308
8059
6651
8037
5382
2148
8507
6129
4861
792
470
958
887
5168
4685
4169
5167
7847
6056
9515
595
5170
8321
2808
9496
2089
2217
7297
6151
4595
7710
5376
2838
7464
3855
9133
2821
5322
3324
50
2084
6200
644
9640
3237
3251
8937
48
9228
6837
7642
2463
8113
4193
3515
2962
4609
9037
3175
9562
8735
9181
2622
2695
2569
2270
8502
4628
7134
1694
1208
8981
1036
4613
9032
3981
6117
3117
8963
6791
7170
6509
1368
868
3710
8927
6227
4325
7833
6127
1770
25
8487
1754
9156
6559
804
9734
569
9792
5913
3130
6484
4880
7319
3187
9391
8
8702
5469
150
8266
1852
3315
7096
3385
5394
5718
5052
8470
8486
8892
7745
2602
2534
8884
4107
6609
436
2563
4500
2526
2228
2394
1803
2745
3003
2456
2605
3436
9624
4646
8370
4541
4875
3212
768
4923
5047
3490
9717
2835
9546
3740
8791
5555
9102
2199
1354
2236
4436
1801
9460
4026
7550
3534
7475
4081
9842
4564
8456
4899
8777
357
6729
5172
2297
5100
4780
908
9164
9220
4912
1637
2146
9805
352
402
5750
9802
3647
5544
553
1344
5689
9905
6562
5050
427
4269
4197
6347
3816
3865
8821
5759
3406
261
663
3079
6460
4289
3665
9646
2862
128
5536
3429
3807
5429
366
2776
8526
8474
9095
7334
1847
7401
6904
1034
7570
2258
2202
9697
4730
6936
7650
8955
9674
1779
581
7236
1740
9266
9756
275
1348
4185
5082
9937
6660
9783
148
1689
7529
9907
7928
8930
8943
8501
2068
7698
2050
6160
4435
7072
8488
6883
5218
9998
1733
8830
5260
8643
3318
2066
5271
2744
2897
8065
5324
8014
2145
940
4320
8198
6142
2259
2074
5935
867
4902
2545
5647
3025
6109
8340
7393
5966
7314
3288
7364
7481
5567
5834
6063
3295
3976
9203
159
9786
721
8865
2530
4917
5239
6010
328
2855
5051
6944
8338
1111
6071
6788
9262
4876
1933
6921
7994
8910
3021
1540
8695
7605
2376
1729
3419
2645
6590
5655
8427
2893
7725
7156
1834
8613
3808
311
720
1169
7983
194
5613
4315
9831
5222
8303
7932
9149
1802
6706
6549
915
6601
2313
2502
4449
4667
4837
6398
6125
4457
9274
2367
8479
3689
2986
9114
1945
1018
441
9255
4715
7247
2810
1300
9309
3763
6012
3594
5695
4576
5822
7307
7136
7830
7323
5053
4232
8576
8792
4924
7664
2498
4989
5150
7218
4830
2496
8789
1974
1237
1575
1897
5877
1582
6683
7924
4059
8341
5927
7310
3075
6294
2940
8478
4782
9457
8912
1341
5459
3820
9172
3303
505
6083
38
7173
4069
1785
7678
2713
9904
6225
7625
2606
6872
7681
921
556
9118
7142
9498
7492
6846
9538
3365
2898
2495
387
7120
4058
8248
8550
1246
7783
7701
3916
7688
7050
7907
6888
9072
4863
5335
1726
3768
3444
5060
4823
6197
5965
2207
9688
6829
5485
237
3856
2047
2154
5371
5890
1744
5280
6434
4587
6982
3135
5844
922
9823
7647
4796
7049
2578
7255
3104
1831
3341
2827
7312
119
34
612
6468
2921
6679
4487
3139
2518
975
1876
6578
5667
1657
5416
5143
1317
1197
7808
863
8509
6316
4307
7262
5644
6869
9217
9796
7381
5651
9183
1361
5892
442
6360
6166
1921
67
2431
9238
179
4694
9060
7127
2333
8533
2529
2886
7163
6077
9764
6395
4700
6107
448
3745
8118
8011
574
7391
5924
9592
7203
7270
9876
4385
9652
3188
4199
4113
4827
4590
9531
4157
4318
2950
5855
8664
6054
8935
9430
710
8174
2763
9009
182
6836
6429
3468
9667
6731
7824
4452
5899
6016
9574
3907
1869
9088
1549
3711
3103
5621
3166
8852
2556
5650
3642
2307
4184
6217
174
4076
8124
6399
74
4319
2164
9157
806
723
5653
1275
8605
5679
2402
4434
3118
3568
674
1688
2374
3387
7187
2646
5142
2874
405
4336
9366
6653
3060
3158
8872
7369
9613
7584
2332
6030
6724
5854
6723
6414
473
3233
6552
4529
3291
8919
6018
6561
222
4904
5766
9884
2106
1000
5475
563
5020
6093
3872
9307
496
6544
9934
3437
9811
5192
2969
4335
8948
1738
812
7348
444
810
9285
8482
6580
6447
7490
1893
7354
9633
1914
4639
4779
9725
7565
4574
713
7430
5114
5744
4396
6471
5093
5611
80
2340
4777
9047
1951
4201
7190
8162
514
7940
5761
5692
5203
9014
318
5200
99
5704
8371
8305
2975
3077
9763
8965
4828
1961
7025
5533
9655
4582
9067
3401
3824
9728
6057
4080
6245
6935
1915
7468
4343
780
78
9635
3828
4560
6036
8877
9573
1489
1127
4929
2770
6663
4268
2860
1223
5349
3720
7615
9507
7080
4450
4357
2941
9273
7442
9110
5005
3868
2888
171
2234
1193
2343
1571
8133
3477
7455
8740
6567
2263
1863
864
4392
5622
2311
8861
7281
8193
5237
3464
1679
7569
5230
5682
6340
6643
57
4898
1717
2576
6112
8148
4086
5018
3655
1693
1702
6833
3831
6146
5070
3204
740
3876
7931
888
3321
4140
5129
1760
6410
9054
9746
5144
5736
72
6233
1454
2561
1133
6116
4047
8293
1226
54
9373
6193
8007
1356
4294
9320
8888
4662
5226
4042
9085
3837
6565
3284
4146
3183
4374
5329
157
3102
8721
9759
4580
8521
7841
5079
8104
3625
3265
2618
4626
1315
5353
4971
8263
4421
7990
3064
8703
8039
5548
5153
3078
4220
7775
8063
4900
235
4915
312
9176
8879
1057
5409
3678
3109
7563
374
1748
7702
5694
5173
3345
1093
381
9787
3141
240
1201
4844
3343
5465
6186
5395
6246
7067
821
4493
2058
9547
966
8901
9532
5022
9600
1507
2688
3360
6980
9006
7743
9818
6179
3184
5741
6623
1662
7007
7216
2774
1456
6020
7413
1962
6778
6198
5004
675
1607
8967
4378
4514
4543
4946
8753
3775
2704
9867
2262
474
9682
5191
2022
3463
1735
7110
2798
4588
6497
4303
3249
5374
6055
715
8207
6376
739
335
4092
7677
2462
6089
6618
7265
8360
9429
3660
250
9058
1162
3687
1401
8106
8538
4635
5482
7787
7732
7447
5491
629
2775
7523
7892
6255
2362
3000
5914
7301
1463
8905
1103
7970
1428
8990
9356
758
6602
9308
7224
5929
3308
2815
276
5401
249
1084
9766
4509
4869
2063
7180
3146
4039
4594
4763
1043
657
1757
2005
9475
9370
678
1088
418
5700
3416
2314
6745
8491
3282
8187
2424
3274
753
7404
5977
2577
7211
1022
2316
7971
9830
5811
6588
4409
4400
9932
289
3270
7253
1910
406
1660
2541
635
1920
9957
2071
2411
6313
1804
4741
676
3861
4825
5312
8055
2238
5987
766
4517
9226
1270
5345
3090
186
123
3517
5839
9611
410
2957
309
3991
9848
7893
2601
7885
5734
4002
3242
435
7515
5259
9190
8213
9411
3777
776
8880
5645
8408
1102
5624
6607
3322
2242
8758
9829
2179
1816
7517
7208
2610
3442
673
7535
8878
9868
2192
8553
9029
8517
842
2156
4867
5398
2042
6750
786
2152
4964
9159
6632
9049
3569
8023
4227
196
288
3430
8763
4842
7189
9128
1026
7223
5754
363
2640
2731
4046
3425
9603
1877
5276
9530
646
4411
1014
9610
8272
1114
3133
6993
5423
1825
6104
6485
191
4333
4911
1542
8996
8216
7747
967
4630
1638
996
7921
1486
3588
8850
68
307
2046
7235
6530
6770
2517
4224
3538
5332
215
8325
6757
1209
6287
6681
5375
6971
2943
4281
9272
8535
1741
41
9288
7081
4786
9044
9564
973
9978
3595
7690
7028
8665
2705
1448
4944
2037
1819
9199
5165
4758
2997
8891
8329
1049
2293
8636
9544
5867
84
4563
3547
2539
198
3509
6482
7368
2641
9578
5752
1488
8223
6322
9043
2782
6202
3616
4348
5606
8618
293
5342
5596
2951
2491
4292
3143
6370
1950
8388
2714
1984
2328
3741
4809
5847
5795
6417
4671
4148
890
8814
9656
2783
3730
5176
3939
9293
1878
3521
7424
1719
3905
3434
3525
1573
4682
1676
9716
1217
7329
7041
9806
4952
6229
1725
885
6599
7132
5806
2007
9910
2426
6977
1321
9825
9025
3523
4010
3891
3970
7356
933
430
7421
4252
2379
1727
5549
3181
1939
7744
8848
7666
7225
3696
1808
1704
4221
109
3142
9004
361
5973
7267
2807
9995
6748
17
3493
2256
9558
5687
8544
4466
4511
5107
8562
92
9720
3262
9490
4149
1691
9016
8556
3236
5665
4812
8436
5188
9434
9533
4527
9087
3297
2988
523
5503
6353
7240
2261
2765
6349
9050
6887
8465
4505
5849
8600
9378
9033
9891
4759
1194
8640
5474
9946
7954
8062
5859
7191
9549
4818
5323
670
4280
2809
5724
1665
7542
736
144
9240
6242
5008
3941
9754
8090
5400
8103
9753
302
3648
6655
4310
2905
2162
411
4970
9650
5946
4121
4013
5197
9568
3327
5028
4693
6861
4174
2804
9160
8385
3458
624
8932
4126
4513
6494
4610
9287
3269
5518
1672
7097
8571
2740
593
9512
7648
262
3061
538
7721
247
8411
3756
9232
1681
1902
2056
4190
7511
7443
6487
2055
8574
4860
370
5634
2727
6062
7988
5513
8150
5186
8764
9242
6608
537
11
5765
7719
3200
1273
3111
4843
9139
8949
1319
1736
1687
2452
7574
7119
1523
509
8666
1850
5343
7128
362
7352
1292
5880
4111
4838
4704
877
6011
987
6332
9525
3789
3659
6257
9793
3128
7860
8801
4144
358
9571
2626
4084
5156
1555
3782
8714
9536
9371
4349
8818
4181
8623
1411
3684
7152
9335
489
9177
807
5472
8178
1280
3790
2880
9522
5760
4241
2737
1778
2528
1784
152
7316
7433
1067
8700
4420
6717
2572
354
7946
4393
3924
3772
6445
4279
9506
8670
8366
9886
7304
2306
4370
3243
2308
7126
5141
5565
8874
1278
7246
1828
7018
9257
4127
4309
1260
882
8717
2628
9300
1370
8966
1609
7838
5856
7912
5055
9780
2061
5122
4203
2218
9021
6664
601
6448
9344
5241
2937
6228
8299
1724
8707
3391
2963
1087
9925
8244
4186
9280
7111
9769
7972
9329
1132
2460
3984
4621
5348
7665
7230
3112
7434
2391
8524
4857
3799
2281
4848
2115
1923
1164
1466
1062
1997
5208
7737
7350
9715
2754
980
6959
7403
2014
9385
2304
4402
4968
2736
1627
8849
4886
8676
7167
8346
1971
3938
2108
3247
8439
5175
9750
9864
6715
7689
6626
9151
7107
5410
8327
5328
9893
6361
5090
3171
2260
9221
3880
5296
2829
3443
2732
1033
6864
7612
7415
1372
7069
2691
2469
716
9325
7264
6983
8170
9247
2678
3120
7311
2206
6840
3350
1886
6352
2323
5437
5254
2574
2033
7068
9322
1250
7279
5629
6457
9680
5249
9464
5406
6759
501
9477
3590
3367
5587
469
3160
665
6955
351
1256
7408
8301
5619
4052
8111
9111
7460
8079
3223
4793
36
9550
9338
6095
1550
2112
7638
3685
8428
3888
3512
2538
3779
1117
6725
8715
295
6550
5506
124
5507
1276
7551
1867
4788
8876
120
1668
3781
911
5520
206
9347
7770
7171
5411
6716
3153
388
9944
392
1996
8238
2028
4225
4407
7528
6461
5344
7566
313
5311
8064
4566
9425
1775
1898
8597
6281
3024
694
8977
6703
1450
3911
3008
5529
5508
6597
7533
5955
6181
6906
7327
4262
2600
5943
9776
2375
5810
8669
3972
893
3253
9747
5825
5970
3815
1599
9321
1653
7820
2615
344
5117
369
2507
493
8375
3554
19
8873
4072
2079
5120
101
1764
5769
583
8711
3770
3356
3486
1388
6092
8648
1526
3124
874
6009
6676
1636
4034
8882
6686
7964
1730
6124
7669
4384
3947
6841
941
689
6704
9357
1170
4151
8708
6171
6911
396
1811
8354
5992
4720
8483
8592
8141
4404
5217
466
936
5919
4323
1444
8537
5439
1381
1936
5139
9400
2918
9392
8364
2172
5083
324
4601
6189
9906
6283
6598
3214
607
7760
8034
3190
8506
8726
6440
9469
4207
1343
7751
2080
5463
4288
1832
4676
7960
3478
2438
4444
8641
1180
4255
8125
8663
8982
2903
3697
7881
8455
6972
7575
5554
9524
2231
4657
8392
4422
2673
3440
2801
2119
2442
27
7414
8242
3292
486
5248
3252
8036
8480
4631
4931
6806
2113
1866
4256
1447
8817
277
5476
2524
7220
4365
4525
7703
7829
326
6758
8603
9981
5841
3929
9943
6187
9165
1824
8826
6135
8915
6085
2806
9432
3788
7762
1949
8298
9770
202
6026
1907
3342
7957
3622
2907
8497
5524
7728
3743
8557
1983
3826
3074
401
6902
3780
6693
1553
5003
3210
1633
8724
8922
3765
8866
2327
6761
6928
944
5568
8003
5183
718
8139
6278
5026
7051
4482
5937
4963
9076
4416
3857
4403
5063
7680
6726
4485
5569
8048
6363
8362
2250
9594
9958
1497
6158
783
1603
1593
7753
4138
5907
8594
220
4808
1856
6960
1244
1795
3213
5428
9292
9112
1782
8180
891
451
3853
8558
7044
5438
3063
5572
5479
3654
1192
6532
5310
1780
2819
3394
6894
7417
1128
282
2051
1766
7347
457
6671
1935
3600
7554
6148
565
3149
1229
3239
9354
477
2558
3386
4075
4204
8750
1481
5598
9930
4152
1561
4510
7589
7656
2221
7161
3172
9306
9841
1620
4618
9874
931
4219
6603
3755
2919
4134
1756
5146
2973
659
6555
1701
9901
5454
2533
3650
8416
5158
9917
942
2708
7926
6925
4209
3476
9702
7784
8145
7283
2799
15
9079
7273
2764
2247
3014
1821
8073
8218
6419
5912
8593
6939
3457
6326
2387
1696
4123
8143
6889
1298
3383
8400
8784
6897
5897
7639
8268
2846
6830
8256
1594
5911
614
5252
9346
1584
1908
6661
2302
6261
1975
587
7075
4301
7553
6851
3127
6954
1531
4239
5027
3331
7667
5445
165
2822
3070
1823
5036
8745
6835
2486
8234
5627
3098
6796
8302
2439
2568
6890
9679
8250
7679
6903
8413
8923
7014
2008
5327
7591
1505
1385
6282
7039
1157
7117
8862
9150
103
2062
621
4000
7497
9187
5681
4949
1439
3151
6857
2428
6913
9520
6495
3621
989
9117
4375
1769
8120
4406
9103
8387
2653
7172
425
6288
2825
6474
9502
7938
4625
5134
3630
5024
2107
5291
2977
1720
6224
6201
5444
5791
6620
7629
390
771
5646
2127
1904
6097
690
3932
8044
6877
8442
1684
5148
7221
7079
5214
5922
9760
8355
1333
7731
6080
40
5715
7239
5021
3026
7405
2849
9639
1833
8673
8074
9326
6780
9809
7567
1234
1413
4442
6067
5527
6106
6917
112
7478
3980
8903
9066
306
6214
6701
8311
6874
4536
2193
5014
1472
6860
6545
6876
2767
4836
860
1925
7859
4950
6420
216
9847
6490
3371
4771
6185
3293
5874
793
4078
2934
8095
6479
1316
3974
3230
2083
9485
7673
9197
3990
1009
4129
1190
151
6503
1131
8800
5387
7154
1172
3461
9144
1557
2111
1491
9513
8231
7227
8469
8934
7176
1032
2044
5743
4675
4248
6114
269
8018
1966
7141
2483
4776
704
6254
3001
3810
9127
2980
4025
4980
7087
1734
1544
9248
360
8776
320
824
7052
6444
6654
7524
4716
9393
2687
6650
491
9027
5728
1634
3256
9310
8859
4562
732
5962
4020
4512
1671
5773
7162
6934
2885
1203
6269
1334
5709
2301
3733
8409
9419
4775
1511
9501
3913
7934
6789
8628
1263
3527
4213
1303
4077
6286
4815
9960
846
714
5171
3489
2124
6901
6634
1692
1231
1419
6493
6985
6021
7318
997
5788
2041
1122
1635
8988
3147
1345
9627
9844
5814
3965
7890
6344
3424
8443
1094
7670
9632
5011
8029
3841
7716
1178
2023
2484
9090
8317
1002
5229
7083
1579
3734
7505
3738
3719
7115
3897
7084
1360
1815
9721
9706
1979
6406
8419
3263
2036
4697
2794
459
4386
5501
2138
8058
7296
9577
1130
6387
8000
4158
3754
3511
2052
1383
7998
3838
420
1214
329
2866
7022
8252
5384
465
383
3441
2719
4341
4347
9620
1857
6744
3628
3095
9208
1288
7470
547
6441
9068
1347
3613
7047
9712
3993
6966
8868
9468
9145
37
9593
6297
3300
